1.616799999999999904e-01 2.976099999999999857e-01 1.154199999999999948e-01 2.665299999999999891e-01 1.895000000000000018e-01 2.132499999999999951e-01 6.986000000000000543e-02 1.241400000000000003e-01 1.699900000000000022e-01 1.151599999999999985e-01 2.780799999999999939e-01 2.700000000000000178e-01 2.999999999999999889e-01 4.900000000000000000e+01
2.580700000000000216e-01 6.460000000000000464e-02 6.232000000000000040e-02 5.390000000000000346e-02 3.150000000000000022e-03 2.904100000000000015e-01 5.009000000000000258e-02 1.524600000000000122e-01 1.791399999999999937e-01 2.460499999999999909e-01 1.896200000000000108e-01 1.799999999999999933e-01 2.099999999999999922e-01 1.220000000000000000e+02
2.701600000000000112e-01 2.516700000000000048e-01 4.392999999999999683e-02 1.295900000000000107e-01 2.893000000000000016e-01 7.681000000000000327e-02 2.011300000000000032e-01 1.152000000000000073e-02 2.965300000000000158e-01 1.120300000000000046e-01 2.022799999999999876e-01 2.000000000000000111e-01 2.300000000000000100e-01 4.300000000000000000e+01
1.940399999999999903e-01 3.118999999999999898e-02 3.210999999999999965e-02 1.967700000000000005e-01 2.917299999999999893e-01 2.707499999999999907e-01 1.449699999999999878e-01 2.676399999999999890e-01 2.250099999999999878e-01 1.071700000000000014e-01 8.387999999999999623e-02 8.999999999999999667e-02 1.100000000000000006e-01 5.200000000000000000e+01
1.959299999999999931e-01 1.173099999999999976e-01 1.443899999999999906e-01 1.466699999999999948e-01 1.136800000000000033e-01 1.352200000000000069e-01 4.943999999999999784e-02 9.496999999999999886e-02 1.468000000000000034e-02 8.046000000000000374e-02 1.588799999999999935e-01 1.600000000000000033e-01 1.799999999999999933e-01 8.600000000000000000e+01
1.547499999999999987e-01 1.098500000000000032e-01 2.756700000000000261e-01 2.997400000000000064e-01 2.548300000000000010e-01 1.316900000000000015e-01 6.088999999999999968e-02 7.255000000000000338e-02 2.483799999999999897e-01 2.086699999999999944e-01 2.091399999999999926e-01 2.099999999999999922e-01 2.200000000000000011e-01 8.600000000000000000e+01
8.859999999999999820e-02 2.784400000000000208e-01 2.397199999999999886e-01 1.956700000000000106e-01 2.496800000000000130e-01 2.686299999999999799e-01 9.837999999999999523e-02 4.009000000000000064e-02 2.819800000000000084e-01 2.132699999999999874e-01 1.658999999999999919e-01 1.700000000000000122e-01 1.900000000000000022e-01 4.000000000000000000e+01
2.176000000000000156e-02 3.919000000000000261e-02 4.002000000000000002e-02 1.216499999999999942e-01 6.139999999999999625e-03 1.954700000000000049e-01 2.782299999999999773e-01 2.490900000000000059e-01 2.972199999999999842e-01 2.680199999999999805e-01 1.354700000000000071e-01 1.300000000000000044e-01 1.499999999999999944e-01 6.600000000000000000e+01
1.853599999999999970e-01 6.869000000000000106e-02 1.155299999999999938e-01 1.845799999999999941e-01 1.859200000000000019e-01 1.922899999999999887e-01 1.040500000000000036e-01 2.567999999999999727e-01 1.677700000000000025e-01 9.359000000000000652e-02 6.496000000000000385e-02 7.000000000000000666e-02 1.000000000000000056e-01 4.500000000000000000e+01
2.627999999999999781e-01 2.522199999999999998e-01 1.428899999999999892e-01 1.586100000000000010e-01 4.530000000000000172e-03 9.678000000000000491e-02 2.440799999999999914e-01 2.790799999999999947e-01 2.205900000000000083e-01 1.799099999999999866e-01 1.857600000000000084e-01 1.900000000000000022e-01 2.099999999999999922e-01 3.800000000000000000e+01
2.978700000000000236e-01 6.751999999999999669e-02 2.157600000000000073e-01 8.250000000000000389e-03 2.693099999999999938e-01 7.507999999999999396e-02 3.910000000000000281e-03 4.309000000000000330e-02 2.674599999999999755e-01 2.283699999999999897e-01 2.852299999999999836e-01 2.399999999999999911e-01 2.700000000000000178e-01 7.200000000000000000e+02
5.952999999999999958e-02 1.348000000000000032e-01 2.270800000000000041e-01 2.847199999999999731e-01 4.018000000000000044e-02 8.458000000000000240e-02 2.121000000000000107e-01 2.893399999999999861e-01 2.521800000000000153e-01 2.770299999999999985e-01 1.574800000000000089e-01 1.600000000000000033e-01 1.799999999999999933e-01 6.100000000000000000e+01
1.736800000000000010e-01 1.171399999999999941e-01 1.235499999999999932e-01 2.568199999999999927e-01 2.753099999999999992e-01 1.866299999999999903e-01 2.689000000000000071e-02 8.630000000000000518e-03 2.423000000000000154e-02 3.801000000000000212e-02 2.630799999999999805e-01 2.500000000000000000e-01 2.700000000000000178e-01 1.600000000000000000e+02
1.176699999999999968e-01 2.619000000000000147e-02 2.846500000000000141e-01 1.758000000000000118e-01 1.358999999999999930e-01 2.665799999999999836e-01 2.358899999999999886e-01 1.995599999999999874e-01 2.772299999999999764e-01 1.767100000000000060e-01 2.340299999999999880e-01 2.200000000000000011e-01 2.399999999999999911e-01 2.030000000000000000e+02
2.020599999999999896e-01 3.354000000000000037e-02 3.658999999999999753e-02 7.666000000000000592e-02 1.569000000000000117e-01 2.489599999999999869e-01 2.550700000000000189e-01 1.293100000000000083e-01 3.606000000000000177e-02 2.690899999999999959e-01 1.746999999999999942e-02 2.999999999999999889e-02 5.000000000000000278e-02 4.700000000000000000e+01
2.306199999999999917e-01 4.943999999999999784e-02 7.881000000000000505e-02 2.894700000000000051e-01 1.099699999999999983e-01 2.924999999999999822e-01 2.357100000000000029e-01 1.222400000000000014e-01 2.997400000000000064e-01 1.917999999999999983e-01 2.297000000000000083e-02 2.999999999999999889e-02 7.000000000000000666e-02 4.500000000000000000e+01
3.393999999999999795e-02 1.676400000000000112e-01 9.485000000000000375e-02 7.309000000000000219e-02 2.515200000000000213e-01 2.494300000000000128e-01 2.326999999999999902e-01 2.433400000000000007e-01 1.557000000000000051e-02 2.601800000000000224e-01 1.727499999999999869e-01 1.700000000000000122e-01 1.900000000000000022e-01 4.900000000000000000e+01
5.471000000000000169e-02 9.983999999999999819e-02 7.170000000000000158e-03 1.066200000000000064e-01 2.801799999999999846e-01 7.492999999999999661e-02 2.553599999999999759e-01 6.729999999999999871e-02 2.816400000000000015e-01 2.187999999999999945e-01 6.044999999999999679e-02 7.000000000000000666e-02 1.000000000000000056e-01 4.000000000000000000e+01
2.887700000000000267e-01 2.591399999999999815e-01 1.874800000000000078e-01 8.619999999999999191e-03 6.554999999999999716e-02 1.950099999999999889e-01 2.029100000000000070e-01 1.259699999999999986e-01 2.188900000000000012e-01 2.044900000000000051e-01 1.180100000000000038e-01 1.199999999999999956e-01 1.400000000000000133e-01 4.200000000000000000e+01
1.336299999999999988e-01 1.768099999999999949e-01 2.059900000000000064e-01 1.710299999999999876e-01 1.069999999999999979e-01 9.000000000000000567e-05 2.408700000000000008e-01 2.444999999999999951e-02 7.100000000000000191e-04 1.806599999999999873e-01 2.817000000000000060e-01 2.600000000000000089e-01 2.800000000000000266e-01 4.760000000000000000e+02
1.855999999999999872e-01 7.302000000000000157e-02 2.852000000000000021e-02 2.316100000000000103e-01 2.234599999999999920e-01 7.313000000000000056e-02 2.917399999999999993e-01 2.990399999999999725e-01 7.388999999999999735e-02 2.980999999999999969e-02 2.837200000000000277e-01 2.099999999999999922e-01 2.300000000000000100e-01 7.200000000000000000e+02
1.905000000000000096e-02 2.155799999999999939e-01 2.439999999999999895e-03 1.818299999999999916e-01 4.127999999999999725e-02 7.281999999999999584e-02 1.666600000000000026e-01 1.308600000000000041e-01 2.539899999999999936e-01 1.908799999999999941e-01 1.422599999999999976e-01 1.499999999999999944e-01 1.700000000000000122e-01 4.000000000000000000e+01
2.832100000000000173e-01 6.607000000000000373e-02 1.664799999999999891e-01 7.091999999999999693e-02 1.309299999999999908e-01 2.687899999999999734e-01 1.892000000000000071e-01 1.577800000000000036e-01 1.226099999999999968e-01 6.733999999999999708e-02 2.583999999999999839e-02 4.000000000000000083e-02 7.000000000000000666e-02 4.000000000000000000e+01
1.404999999999999999e-02 7.424000000000000044e-02 4.012000000000000288e-02 2.131099999999999939e-01 1.023300000000000043e-01 2.454900000000000138e-01 2.624799999999999911e-01 2.934599999999999986e-01 1.419999999999999873e-01 1.675999999999999990e-01 2.169000000000000095e-02 2.999999999999999889e-02 5.000000000000000278e-02 4.900000000000000000e+01
7.167999999999999372e-02 1.383999999999999952e-01 2.440599999999999992e-01 1.740200000000000080e-01 2.809999999999999998e-03 1.209599999999999981e-01 2.050400000000000000e-01 2.492000000000000118e-02 2.196500000000000119e-01 7.119999999999999593e-03 2.802999999999999936e-01 2.500000000000000000e-01 2.700000000000000178e-01 7.200000000000000000e+02
9.564000000000000279e-02 2.431699999999999973e-01 2.202300000000000091e-01 1.533999999999999947e-02 2.543099999999999805e-01 2.616999999999999882e-01 2.034799999999999942e-01 2.496099999999999985e-01 1.058000000000000052e-01 3.398999999999999938e-02 2.445299999999999974e-01 2.399999999999999911e-01 2.600000000000000089e-01 5.800000000000000000e+01
2.064499999999999946e-01 1.842000000000000026e-01 1.067199999999999954e-01 2.672399999999999776e-01 1.945800000000000030e-01 3.719000000000000083e-02 2.735500000000000154e-01 2.253900000000000070e-01 4.729999999999999830e-03 1.856899999999999940e-01 1.312599999999999878e-01 1.300000000000000044e-01 1.499999999999999944e-01 3.700000000000000000e+01
1.873700000000000088e-01 2.114999999999999936e-01 2.409399999999999875e-01 7.858999999999999320e-02 2.325399999999999967e-01 3.004000000000000073e-02 1.816300000000000137e-01 5.927999999999999936e-02 1.080699999999999994e-01 1.638799999999999979e-01 1.344299999999999939e-01 1.400000000000000133e-01 1.499999999999999944e-01 3.700000000000000000e+01
2.741999999999999993e-01 2.433299999999999907e-01 8.021000000000000352e-02 2.392600000000000005e-01 2.617300000000000182e-01 1.875600000000000045e-01 1.905000000000000027e-01 1.422999999999999959e-02 2.738700000000000023e-01 2.552699999999999969e-01 2.731000000000000094e-02 4.000000000000000083e-02 5.999999999999999778e-02 4.100000000000000000e+01
9.205000000000000682e-02 2.625199999999999756e-01 1.780799999999999883e-01 2.398000000000000131e-02 1.963799999999999990e-01 1.242299999999999932e-01 2.130499999999999894e-01 2.019900000000000029e-01 1.902899999999999869e-01 3.014999999999999972e-02 1.645999999999999963e-01 1.600000000000000033e-01 1.900000000000000022e-01 4.300000000000000000e+01
9.535000000000000420e-02 2.690100000000000269e-01 1.855499999999999927e-01 2.680299999999999905e-01 1.003000000000000003e-01 6.253999999999999837e-02 1.332500000000000073e-01 2.257500000000000062e-01 1.527199999999999946e-01 6.208999999999999936e-02 2.391099999999999892e-01 2.399999999999999911e-01 2.600000000000000089e-01 4.800000000000000000e+01
1.624299999999999911e-01 1.399100000000000066e-01 1.382099999999999995e-01 4.753999999999999893e-02 3.318000000000000116e-02 1.235499999999999932e-01 2.586399999999999810e-01 9.399000000000000410e-02 1.201999999999999943e-02 5.000999999999999890e-02 2.880400000000000182e-01 2.500000000000000000e-01 2.800000000000000266e-01 7.200000000000000000e+02
2.858000000000000124e-02 1.059500000000000025e-01 2.386600000000000110e-01 7.179000000000000659e-02 1.364499999999999880e-01 2.649199999999999888e-01 8.121000000000000441e-02 2.259299999999999919e-01 4.120999999999999663e-02 1.303400000000000114e-01 3.785000000000000170e-02 5.000000000000000278e-02 5.999999999999999778e-02 3.700000000000000000e+01
1.847900000000000098e-01 1.106000000000000039e-02 2.879599999999999937e-01 2.872999999999999998e-01 2.571599999999999997e-01 1.809999999999999942e-01 2.270300000000000096e-01 2.276999999999999857e-02 2.833700000000000108e-01 2.367900000000000005e-01 9.876999999999999669e-02 1.000000000000000056e-01 1.199999999999999956e-01 5.600000000000000000e+01
2.351699999999999902e-01 5.546999999999999847e-02 1.692899999999999960e-01 2.947699999999999765e-01 2.616499999999999937e-01 1.838200000000000112e-01 6.090000000000000274e-02 2.536599999999999966e-01 1.997500000000000109e-01 2.049300000000000010e-01 8.183999999999999608e-02 8.999999999999999667e-02 1.100000000000000006e-01 5.400000000000000000e+01
1.805000000000000007e-02 2.624900000000000011e-01 2.673699999999999966e-01 3.296000000000000318e-02 2.809999999999999998e-02 2.582499999999999796e-01 1.578799999999999926e-01 1.651400000000000090e-01 1.159999999999999920e-02 9.132999999999999452e-02 5.120000000000000245e-02 5.999999999999999778e-02 8.000000000000000167e-02 1.030000000000000000e+02
2.468299999999999939e-01 1.305600000000000094e-01 2.219200000000000061e-01 1.845400000000000096e-01 1.575799999999999979e-01 2.608199999999999963e-01 2.091899999999999871e-01 2.917600000000000193e-01 1.512799999999999978e-01 1.159700000000000036e-01 2.940800000000000081e-01 2.800000000000000266e-01 2.999999999999999889e-01 2.330000000000000000e+02
1.718000000000000083e-01 2.185000000000000137e-02 5.163000000000000228e-02 2.859499999999999820e-01 1.435800000000000132e-01 4.052000000000000046e-02 1.390200000000000047e-01 2.469000000000000083e-01 1.811300000000000132e-01 1.152200000000000030e-01 1.854999999999999982e-01 1.799999999999999933e-01 2.000000000000000111e-01 1.290000000000000000e+02
1.595100000000000129e-01 8.880000000000000740e-03 2.446299999999999863e-01 8.301000000000000045e-02 1.873900000000000010e-01 1.809900000000000120e-01 3.102999999999999856e-02 2.906599999999999739e-01 1.302099999999999924e-01 2.742800000000000238e-01 1.806300000000000128e-01 1.600000000000000033e-01 1.900000000000000022e-01 3.040000000000000000e+02
2.486299999999999899e-01 2.450499999999999901e-01 7.810000000000000102e-03 2.052900000000000003e-01 1.835900000000000032e-01 2.794599999999999862e-01 2.613699999999999912e-01 9.453999999999999904e-02 2.382299999999999973e-01 2.688999999999999724e-01 2.661800000000000277e-01 2.600000000000000089e-01 2.800000000000000266e-01 6.600000000000000000e+01
1.912600000000000133e-01 8.130000000000000074e-03 3.261000000000000010e-02 6.725000000000000422e-02 1.400800000000000101e-01 2.104300000000000059e-01 6.567000000000000615e-02 8.513999999999999346e-02 1.129899999999999932e-01 4.409999999999999858e-03 1.300999999999999934e-01 1.300000000000000044e-01 1.499999999999999944e-01 9.400000000000000000e+01
1.068199999999999983e-01 1.114900000000000058e-01 2.862299999999999844e-01 3.817000000000000254e-02 4.315999999999999698e-02 2.301999999999999880e-02 2.337500000000000133e-01 2.741299999999999848e-01 2.358999999999999986e-02 1.230699999999999988e-01 4.309999999999999942e-02 5.000000000000000278e-02 7.000000000000000666e-02 3.700000000000000000e+01
1.280000000000000105e-03 2.601299999999999724e-01 4.766999999999999710e-02 6.898999999999999577e-02 2.971099999999999852e-01 1.817400000000000126e-01 3.921999999999999792e-02 1.523200000000000109e-01 7.868999999999999606e-02 5.222000000000000253e-02 2.630299999999999860e-01 2.600000000000000089e-01 2.800000000000000266e-01 6.100000000000000000e+01
2.488599999999999979e-01 2.661100000000000132e-01 3.014999999999999972e-02 9.140000000000000555e-03 1.934599999999999931e-01 4.413000000000000256e-02 1.892800000000000038e-01 2.132400000000000129e-01 9.389999999999999736e-02 4.413999999999999868e-02 1.190699999999999953e-01 1.199999999999999956e-01 1.499999999999999944e-01 4.100000000000000000e+01
8.794000000000000428e-02 2.386099999999999888e-01 3.363000000000000017e-02 2.847700000000000231e-01 8.909999999999999865e-02 6.310000000000000331e-02 1.794199999999999962e-01 2.684099999999999819e-01 1.050200000000000022e-01 2.084999999999999909e-01 1.773599999999999899e-01 1.799999999999999933e-01 1.900000000000000022e-01 3.700000000000000000e+01
1.017300000000000010e-01 2.878399999999999848e-01 1.880900000000000072e-01 1.308100000000000096e-01 7.990999999999999492e-02 3.975000000000000061e-02 8.432000000000000606e-02 2.325000000000000122e-01 2.119499999999999995e-01 3.842000000000000276e-02 2.235099999999999865e-01 2.200000000000000011e-01 2.399999999999999911e-01 4.800000000000000000e+01
2.097100000000000075e-01 1.859999999999999987e-01 2.268799999999999983e-01 1.720899999999999930e-01 1.197600000000000053e-01 9.120999999999999941e-02 1.160400000000000043e-01 3.389999999999999784e-03 8.303000000000000658e-02 7.273000000000000298e-02 1.619099999999999984e-01 1.600000000000000033e-01 1.900000000000000022e-01 4.600000000000000000e+01
2.764900000000000135e-01 1.194400000000000045e-01 6.599999999999999964e-04 1.545799999999999952e-01 5.900000000000000296e-04 2.736799999999999788e-01 2.067900000000000016e-01 1.688000000000000056e-01 1.810799999999999910e-01 3.021000000000000074e-02 1.197300000000000031e-01 1.199999999999999956e-01 1.499999999999999944e-01 4.700000000000000000e+01
7.996999999999999942e-02 7.488999999999999824e-02 2.418800000000000117e-01 2.772000000000000020e-01 2.724000000000000032e-02 1.788999999999999965e-02 1.605699999999999905e-01 1.986600000000000033e-01 1.931299999999999961e-01 1.431699999999999917e-01 2.573599999999999777e-01 2.399999999999999911e-01 2.600000000000000089e-01 3.150000000000000000e+02
1.439600000000000046e-01 1.735200000000000076e-01 1.479900000000000104e-01 3.239999999999999825e-03 2.011199999999999932e-01 7.402999999999999858e-02 4.173000000000000320e-02 6.219000000000000222e-02 1.702200000000000102e-01 9.790000000000000091e-03 1.166399999999999937e-01 1.199999999999999956e-01 1.499999999999999944e-01 4.100000000000000000e+01
8.171000000000000485e-02 3.873000000000000054e-02 2.437000000000000000e-01 1.577000000000000068e-01 9.249000000000000277e-02 1.913400000000000101e-01 1.885100000000000109e-01 2.353200000000000014e-01 1.955900000000000138e-01 2.394100000000000117e-01 2.953899999999999859e-01 2.500000000000000000e-01 2.899999999999999800e-01 7.200000000000000000e+02
2.571200000000000152e-01 1.143600000000000033e-01 2.433200000000000085e-01 6.734999999999999321e-02 1.249600000000000016e-01 2.317999999999999922e-02 2.695500000000000118e-01 2.247500000000000053e-01 2.015699999999999992e-01 3.388000000000000039e-02 1.654200000000000115e-01 1.600000000000000033e-01 1.799999999999999933e-01 6.700000000000000000e+01
2.319900000000000018e-01 2.512300000000000089e-01 9.861000000000000321e-02 5.259999999999999919e-03 1.890699999999999881e-01 6.969000000000000195e-02 1.045999999999999985e-01 8.090999999999999581e-02 2.540000000000000157e-03 7.514999999999999458e-02 1.651299999999999990e-01 1.700000000000000122e-01 1.900000000000000022e-01 5.300000000000000000e+01
2.750500000000000167e-01 1.840299999999999991e-01 4.197000000000000036e-02 8.019999999999999352e-02 2.753099999999999992e-01 7.441000000000000392e-02 1.075799999999999951e-01 1.068999999999999950e-01 2.615399999999999947e-01 2.804699999999999971e-01 1.909299999999999886e-01 1.900000000000000022e-01 2.099999999999999922e-01 5.400000000000000000e+01
8.053000000000000436e-02 2.353200000000000014e-01 6.747000000000000219e-02 1.833700000000000052e-01 2.025299999999999878e-01 1.153799999999999965e-01 1.299599999999999922e-01 1.824199999999999988e-01 6.221999999999999753e-02 1.345800000000000052e-01 2.230000000000000211e-03 2.000000000000000042e-02 4.000000000000000083e-02 3.600000000000000000e+01
2.924900000000000277e-01 3.887999999999999790e-02 8.030000000000000679e-03 2.069499999999999951e-01 1.187099999999999961e-01 2.547300000000000120e-01 4.490000000000000067e-03 2.349799999999999944e-01 1.269999999999999948e-02 2.340599999999999903e-01 5.100999999999999979e-02 5.999999999999999778e-02 8.000000000000000167e-02 4.800000000000000000e+01
1.308400000000000118e-01 1.370800000000000074e-01 2.215499999999999969e-01 2.733599999999999919e-01 1.133099999999999941e-01 1.475899999999999990e-01 2.894200000000000106e-01 8.905000000000000415e-02 1.070799999999999946e-01 8.362999999999999601e-02 1.891899999999999971e-01 1.900000000000000022e-01 2.000000000000000111e-01 6.900000000000000000e+01
2.407999999999999863e-01 2.963899999999999868e-01 1.979999999999999989e-03 1.102000000000000063e-01 2.661600000000000077e-01 1.771300000000000097e-01 2.700799999999999867e-01 1.561400000000000010e-01 1.762100000000000055e-01 2.704400000000000137e-01 8.255999999999999450e-02 8.999999999999999667e-02 1.000000000000000056e-01 3.700000000000000000e+01
2.222999999999999976e-02 2.201400000000000023e-01 2.123800000000000132e-01 1.886299999999999921e-01 1.938000000000000000e-01 2.883899999999999797e-01 1.093599999999999989e-01 2.382199999999999873e-01 2.984499999999999931e-01 9.983999999999999819e-02 2.375899999999999956e-01 2.300000000000000100e-01 2.500000000000000000e-01 6.000000000000000000e+01
1.297399999999999942e-01 1.903400000000000092e-01 2.749000000000000055e-02 1.119200000000000056e-01 1.332399999999999973e-01 8.111999999999999766e-02 2.896500000000000186e-01 1.433200000000000029e-01 2.094000000000000028e-02 2.134399999999999908e-01 1.651999999999999996e-02 2.000000000000000042e-02 5.000000000000000278e-02 3.600000000000000000e+01
1.733200000000000018e-01 3.237999999999999906e-02 2.132999999999999896e-01 1.289500000000000091e-01 1.328199999999999936e-01 1.072400000000000020e-01 2.199999999999999872e-02 6.465999999999999526e-02 2.182000000000000051e-01 2.699400000000000133e-01 6.586000000000000187e-02 7.000000000000000666e-02 8.999999999999999667e-02 1.130000000000000000e+02
2.838300000000000267e-01 1.885400000000000131e-01 8.062999999999999334e-02 1.592999999999999972e-01 1.067300000000000054e-01 6.343999999999999639e-02 9.678000000000000491e-02 1.601299999999999946e-01 2.461899999999999922e-01 1.532100000000000128e-01 2.189300000000000135e-01 2.200000000000000011e-01 2.399999999999999911e-01 5.700000000000000000e+01
1.189400000000000041e-01 7.642999999999999794e-02 5.627000000000000057e-02 2.846899999999999986e-01 9.830999999999999461e-02 2.772899999999999809e-01 4.179999999999999688e-03 1.678999999999999937e-01 8.097999999999999643e-02 5.709000000000000186e-02 2.907899999999999929e-01 2.600000000000000089e-01 2.899999999999999800e-01 4.350000000000000000e+02
7.806000000000000438e-02 1.401300000000000046e-01 3.878999999999999809e-02 1.270900000000000085e-01 2.960000000000000131e-02 2.787200000000000233e-01 1.517100000000000115e-01 1.180599999999999983e-01 1.634700000000000042e-01 5.423999999999999655e-02 2.463500000000000134e-01 2.399999999999999911e-01 2.600000000000000089e-01 1.400000000000000000e+02
1.428899999999999892e-01 2.290600000000000136e-01 2.160799999999999943e-01 1.423999999999999988e-01 8.008999999999999453e-02 2.498499999999999888e-01 1.519999999999999997e-02 1.973000000000000101e-02 1.053700000000000053e-01 1.453200000000000047e-01 2.231100000000000028e-01 2.200000000000000011e-01 2.399999999999999911e-01 7.700000000000000000e+01
1.809399999999999897e-01 2.164899999999999880e-01 1.154300000000000048e-01 1.551299999999999901e-01 5.727999999999999758e-02 2.917799999999999838e-01 1.186900000000000038e-01 8.779000000000000692e-02 2.409300000000000053e-01 4.957999999999999907e-02 2.934899999999999731e-01 2.800000000000000266e-01 2.999999999999999889e-01 1.440000000000000000e+02
1.736999999999999933e-01 2.158799999999999886e-01 2.851400000000000046e-01 1.181999999999999995e-01 5.920999999999999874e-02 1.448099999999999943e-01 2.782999999999999918e-01 4.048000000000000209e-02 1.479699999999999904e-01 1.519999999999999997e-02 5.360000000000000181e-03 2.000000000000000042e-02 5.999999999999999778e-02 3.900000000000000000e+01
1.510400000000000076e-01 1.827999999999999903e-01 6.303999999999999881e-02 1.293999999999999873e-01 2.919399999999999773e-01 1.299099999999999977e-01 1.568100000000000049e-01 8.190000000000000058e-02 7.611999999999999322e-02 2.345399999999999985e-01 1.441999999999999948e-01 1.499999999999999944e-01 1.600000000000000033e-01 3.700000000000000000e+01
8.708000000000000462e-02 2.494099999999999928e-01 1.024000000000000049e-01 6.356000000000000538e-02 7.309999999999999658e-03 3.200999999999999679e-02 2.400299999999999934e-01 2.063300000000000134e-01 1.144499999999999962e-01 2.957000000000000184e-01 2.808499999999999885e-01 2.800000000000000266e-01 2.899999999999999800e-01 7.300000000000000000e+01
1.871000000000000094e-02 1.226499999999999951e-01 1.447599999999999998e-01 1.699100000000000055e-01 1.800200000000000133e-01 4.753999999999999893e-02 2.198799999999999921e-01 3.257999999999999785e-02 2.767100000000000115e-01 1.878199999999999870e-01 4.385000000000000009e-02 5.000000000000000278e-02 8.000000000000000167e-02 4.000000000000000000e+01
1.923300000000000010e-01 1.057499999999999968e-01 5.822999999999999704e-02 1.608300000000000007e-01 2.408399999999999985e-01 2.585000000000000145e-02 3.824999999999999928e-02 5.226000000000000090e-02 2.704199999999999937e-01 8.899999999999999578e-02 2.674400000000000110e-01 2.399999999999999911e-01 2.600000000000000089e-01 7.200000000000000000e+02
5.960000000000000020e-03 1.541500000000000092e-01 9.682000000000000328e-02 4.630999999999999700e-02 1.410500000000000087e-01 2.584000000000000186e-01 2.505299999999999749e-01 9.664999999999999980e-02 1.938600000000000045e-01 3.778999999999999720e-02 2.905800000000000050e-01 2.600000000000000089e-01 2.800000000000000266e-01 7.200000000000000000e+02
3.533000000000000029e-02 1.110399999999999998e-01 1.609200000000000075e-01 9.285999999999999810e-02 2.096200000000000008e-01 1.400599999999999901e-01 6.060999999999999721e-02 2.531399999999999761e-01 1.894599999999999895e-01 1.961900000000000033e-01 7.820000000000000562e-03 2.000000000000000042e-02 5.000000000000000278e-02 4.500000000000000000e+01
1.619099999999999984e-01 3.989999999999999623e-03 1.117800000000000044e-01 2.737200000000000188e-01 8.850000000000000228e-03 1.545700000000000129e-01 2.251400000000000068e-01 2.277800000000000102e-01 7.369000000000000550e-02 1.339000000000000086e-02 6.335000000000000353e-02 7.000000000000000666e-02 1.000000000000000056e-01 4.800000000000000000e+01
6.589000000000000412e-02 9.199999999999999845e-03 1.113800000000000068e-01 1.601299999999999946e-01 1.411499999999999977e-01 9.808000000000000052e-02 1.893900000000000028e-01 2.723900000000000210e-01 2.573799999999999977e-01 2.644599999999999729e-01 3.731000000000000288e-02 4.000000000000000083e-02 7.000000000000000666e-02 5.100000000000000000e+01
1.087299999999999933e-01 9.875000000000000444e-02 1.436600000000000099e-01 5.757999999999999924e-02 2.293000000000000038e-01 2.383000000000000118e-01 1.143699999999999994e-01 2.623800000000000021e-01 2.179699999999999971e-01 1.950099999999999889e-01 1.035900000000000015e-01 1.100000000000000006e-01 1.300000000000000044e-01 4.900000000000000000e+01
1.608100000000000085e-01 4.755000000000000199e-02 1.143900000000000056e-01 1.873599999999999988e-01 2.013900000000000134e-01 1.559800000000000075e-01 2.869000000000000022e-02 6.958999999999999908e-02 1.891299999999999926e-01 1.800799999999999901e-01 2.199099999999999944e-01 2.099999999999999922e-01 2.300000000000000100e-01 1.490000000000000000e+02
1.749300000000000022e-01 1.604700000000000015e-01 2.997900000000000009e-01 9.081999999999999795e-02 2.713800000000000101e-01 5.797000000000000069e-02 9.799999999999999684e-03 2.422499999999999931e-01 2.383200000000000041e-01 2.409900000000000098e-01 1.375000000000000111e-01 1.400000000000000133e-01 1.600000000000000033e-01 4.500000000000000000e+01
2.775000000000000036e-02 1.887999999999999956e-01 1.705000000000000127e-01 1.693000000000000060e-02 1.898400000000000087e-01 2.518000000000000099e-02 1.419100000000000084e-01 1.827799999999999980e-01 2.602099999999999969e-01 2.549299999999999899e-01 1.878499999999999892e-01 1.900000000000000022e-01 2.099999999999999922e-01 4.900000000000000000e+01
2.142900000000000083e-01 1.208800000000000013e-01 1.093400000000000066e-01 1.821000000000000049e-02 1.956299999999999983e-01 1.445200000000000096e-01 1.354100000000000026e-01 1.910000000000000022e-03 1.326799999999999924e-01 1.964799999999999880e-01 1.744999999999999885e-01 1.700000000000000122e-01 1.900000000000000022e-01 1.130000000000000000e+02
1.572800000000000031e-01 3.098000000000000059e-02 5.309999999999999616e-03 2.077799999999999925e-01 1.820599999999999996e-01 2.266499999999999904e-01 4.254000000000000142e-02 2.274599999999999955e-01 2.201100000000000001e-01 1.560699999999999865e-01 2.203700000000000103e-01 2.099999999999999922e-01 2.300000000000000100e-01 1.660000000000000000e+02
2.603400000000000158e-01 5.195000000000000312e-02 5.795000000000000151e-02 1.813099999999999989e-01 6.542000000000000592e-02 2.206299999999999928e-01 6.282999999999999696e-02 1.867699999999999916e-01 3.244999999999999968e-02 8.258999999999999675e-02 5.279999999999999971e-02 5.999999999999999778e-02 8.000000000000000167e-02 4.900000000000000000e+01
2.621399999999999841e-01 2.285200000000000009e-01 3.769000000000000128e-02 1.042000000000000010e-01 1.339700000000000057e-01 2.498900000000000010e-01 1.245900000000000063e-01 9.120999999999999941e-02 2.962400000000000033e-01 2.512400000000000189e-01 2.070599999999999941e-01 2.099999999999999922e-01 2.300000000000000100e-01 4.400000000000000000e+01
6.443000000000000116e-02 1.932699999999999974e-01 1.658199999999999952e-01 8.677999999999999603e-02 2.148200000000000109e-01 2.722300000000000275e-01 6.228999999999999815e-02 2.515999999999999903e-01 2.320399999999999963e-01 2.163799999999999890e-01 9.850000000000000422e-02 1.000000000000000056e-01 1.300000000000000044e-01 4.200000000000000000e+01
1.205500000000000044e-01 2.389000000000000151e-02 2.209200000000000053e-01 1.818700000000000039e-01 2.273699999999999888e-01 2.208999999999999853e-02 1.300499999999999989e-01 2.003699999999999926e-01 1.416499999999999981e-01 2.925400000000000222e-01 2.228100000000000080e-01 1.700000000000000122e-01 2.000000000000000111e-01 7.200000000000000000e+02
2.903000000000000025e-02 9.499999999999999764e-03 9.578000000000000402e-02 1.860799999999999954e-01 3.055000000000000077e-02 1.518400000000000027e-01 1.246799999999999992e-01 1.531700000000000006e-01 1.691300000000000026e-01 2.406600000000000128e-01 3.914000000000000118e-02 5.000000000000000278e-02 5.999999999999999778e-02 4.900000000000000000e+01
2.353000000000000091e-01 2.298099999999999865e-01 1.540600000000000025e-01 2.098200000000000065e-01 1.715200000000000058e-01 1.615999999999999936e-01 1.897500000000000020e-01 7.846999999999999809e-02 2.039400000000000102e-01 2.739699999999999913e-01 9.861999999999999933e-02 1.000000000000000056e-01 1.199999999999999956e-01 3.700000000000000000e+01
1.721600000000000075e-01 2.180000000000000080e-03 1.229299999999999976e-01 2.169200000000000017e-01 2.082400000000000084e-01 1.359299999999999953e-01 4.052999999999999658e-02 1.847100000000000131e-01 2.043899999999999884e-01 2.338000000000000148e-02 2.711999999999999966e-01 2.300000000000000100e-01 2.700000000000000178e-01 7.200000000000000000e+02
1.551700000000000024e-01 1.146900000000000003e-01 1.343999999999999917e-01 1.526500000000000079e-01 2.765799999999999925e-01 2.314499999999999891e-01 1.170999999999999992e-02 1.211200000000000054e-01 5.478999999999999843e-02 2.524500000000000077e-01 1.143200000000000049e-01 1.199999999999999956e-01 1.400000000000000133e-01 4.200000000000000000e+01
2.981699999999999906e-01 1.816699999999999982e-01 2.726899999999999880e-01 1.453699999999999992e-01 4.939999999999999947e-02 2.607800000000000118e-01 2.586499999999999910e-01 2.959000000000000172e-02 1.944799999999999862e-01 1.930800000000000016e-01 2.857000000000000095e-01 2.800000000000000266e-01 2.899999999999999800e-01 1.410000000000000000e+02
3.558000000000000052e-02 7.259999999999999787e-02 1.707400000000000029e-01 9.797999999999999765e-02 4.197000000000000036e-02 7.323000000000000342e-02 9.965999999999999859e-02 2.754400000000000182e-01 8.920000000000000845e-03 1.541000000000000009e-02 2.500399999999999845e-01 2.300000000000000100e-01 2.600000000000000089e-01 2.010000000000000000e+02
2.029499999999999915e-01 7.452999999999999903e-02 4.068000000000000088e-02 1.546099999999999974e-01 2.588599999999999790e-01 2.953100000000000169e-01 2.029400000000000093e-01 2.327299999999999924e-01 2.566300000000000248e-01 2.557099999999999929e-01 1.250900000000000067e-01 1.300000000000000044e-01 1.499999999999999944e-01 6.400000000000000000e+01
7.588000000000000300e-02 9.746000000000000496e-02 2.677999999999999825e-01 6.278999999999999859e-02 3.509999999999999926e-02 7.402000000000000246e-02 1.814800000000000024e-01 2.501300000000000190e-01 2.611600000000000033e-01 2.343500000000000028e-01 1.272199999999999998e-01 1.300000000000000044e-01 1.499999999999999944e-01 5.300000000000000000e+01
9.933000000000000163e-02 1.552800000000000014e-01 2.370000000000000145e-03 4.427999999999999992e-02 2.964499999999999913e-01 7.624999999999999833e-02 6.962999999999999745e-02 1.628000000000000003e-01 3.244999999999999968e-02 5.859999999999999758e-03 1.083100000000000035e-01 1.100000000000000006e-01 1.400000000000000133e-01 4.300000000000000000e+01
6.380000000000000254e-03 2.750199999999999867e-01 2.442499999999999949e-01 2.207999999999999963e-01 2.565700000000000203e-01 1.240300000000000014e-01 3.747999999999999943e-02 1.832000000000000017e-01 2.390799999999999870e-01 1.773999999999999883e-02 1.034599999999999964e-01 1.100000000000000006e-01 1.400000000000000133e-01 4.000000000000000000e+01
2.638000000000000067e-02 2.684500000000000219e-01 2.889599999999999946e-01 2.850500000000000256e-01 1.938199999999999923e-01 2.819400000000000239e-01 1.746199999999999974e-01 1.398800000000000043e-01 1.477499999999999925e-01 1.649299999999999933e-01 1.748999999999999860e-02 2.999999999999999889e-02 5.000000000000000278e-02 7.000000000000000000e+01
1.251800000000000135e-01 2.553900000000000059e-01 2.872999999999999859e-02 1.105199999999999932e-01 4.542999999999999816e-02 2.610999999999999988e-01 5.068000000000000282e-02 4.682999999999999663e-02 9.947999999999999898e-02 1.638400000000000134e-01 2.346199999999999952e-01 2.300000000000000100e-01 2.500000000000000000e-01 7.700000000000000000e+01
2.034000000000000044e-02 1.288000000000000082e-02 1.094799999999999940e-01 7.270000000000000073e-02 2.961099999999999843e-01 9.403999999999999859e-02 2.354900000000000049e-01 1.875199999999999922e-01 1.830199999999999882e-01 1.855199999999999905e-01 1.384999999999999946e-02 2.000000000000000042e-02 5.999999999999999778e-02 4.700000000000000000e+01
7.607999999999999485e-02 1.554000000000000103e-01 1.650300000000000100e-01 1.693000000000000060e-01 9.125999999999999390e-02 2.275399999999999923e-01 1.169000000000000074e-02 1.310699999999999921e-01 5.294999999999999707e-02 2.744400000000000173e-01 2.519299999999999873e-01 2.399999999999999911e-01 2.600000000000000089e-01 1.920000000000000000e+02
2.727499999999999925e-01 1.544000000000000060e-02 3.699999999999999947e-04 4.635000000000000231e-02 1.975099999999999911e-01 1.489600000000000091e-01 1.956000000000000100e-02 8.042000000000000537e-02 2.938999999999999946e-01 2.475000000000000117e-02 4.315999999999999698e-02 5.000000000000000278e-02 8.000000000000000167e-02 4.600000000000000000e+01
1.937500000000000056e-01 1.265900000000000081e-01 8.228000000000000591e-02 4.778000000000000302e-02 5.695000000000000062e-02 3.774999999999999883e-02 9.664999999999999980e-02 1.549399999999999944e-01 4.524999999999999856e-02 1.410299999999999887e-01 2.069100000000000106e-01 2.000000000000000111e-01 2.200000000000000011e-01 1.220000000000000000e+02
4.959999999999999826e-02 4.954999999999999682e-02 2.043200000000000016e-01 3.346999999999999975e-02 1.221200000000000063e-01 1.298100000000000087e-01 9.084000000000000408e-02 1.904200000000000059e-01 2.540600000000000080e-01 5.326000000000000179e-02 5.519999999999999733e-03 2.000000000000000042e-02 5.000000000000000278e-02 4.200000000000000000e+01
2.332799999999999874e-01 1.253199999999999870e-01 2.767700000000000160e-01 2.237000000000000099e-02 2.960999999999999743e-01 5.111999999999999877e-02 1.195500000000000035e-01 8.790000000000000591e-02 2.335299999999999876e-01 7.144000000000000350e-02 1.097800000000000026e-01 1.100000000000000006e-01 1.400000000000000133e-01 4.200000000000000000e+01
2.136099999999999943e-01 1.193800000000000000e-01 5.680999999999999939e-02 2.561800000000000188e-01 2.046999999999999861e-02 2.680299999999999905e-01 2.606399999999999828e-01 2.083500000000000074e-01 1.590499999999999969e-01 3.656999999999999834e-02 1.046500000000000069e-01 1.100000000000000006e-01 1.400000000000000133e-01 4.300000000000000000e+01
2.472300000000000053e-01 1.461500000000000021e-01 1.380999999999999936e-02 6.596000000000000474e-02 1.551400000000000001e-01 2.364400000000000113e-01 2.962299999999999933e-01 2.055200000000000082e-01 3.545999999999999847e-02 2.519299999999999873e-01 5.664999999999999897e-02 5.999999999999999778e-02 8.000000000000000167e-02 3.700000000000000000e+01
2.806100000000000261e-01 4.799999999999999580e-03 2.268100000000000116e-01 2.303499999999999992e-01 2.262099999999999944e-01 3.088000000000000120e-02 6.918000000000000538e-02 5.934999999999999998e-02 2.034299999999999997e-01 8.341999999999999416e-02 4.476999999999999730e-02 5.000000000000000278e-02 8.000000000000000167e-02 4.700000000000000000e+01
2.605100000000000193e-01 2.020899999999999919e-01 9.997000000000000330e-02 2.772000000000000158e-02 6.697000000000000175e-02 6.660000000000000642e-02 1.333999999999999943e-02 2.823800000000000199e-01 4.454999999999999932e-02 2.531100000000000017e-01 2.614999999999999963e-02 2.999999999999999889e-02 5.000000000000000278e-02 3.700000000000000000e+01
1.199100000000000027e-01 1.519399999999999917e-01 1.508700000000000041e-01 9.259000000000000563e-02 2.900800000000000045e-01 1.590699999999999892e-01 1.466600000000000126e-01 2.499099999999999933e-01 2.527200000000000002e-01 1.593700000000000117e-01 2.996099999999999874e-01 2.800000000000000266e-01 2.999999999999999889e-01 3.510000000000000000e+02
1.729199999999999904e-01 1.406300000000000050e-01 2.012299999999999922e-01 2.137000000000000011e-01 2.648699999999999943e-01 2.620899999999999896e-01 3.162999999999999839e-02 1.824800000000000033e-01 2.271299999999999986e-01 8.569000000000000228e-02 2.833300000000000263e-01 2.600000000000000089e-01 2.899999999999999800e-01 3.960000000000000000e+02
1.121700000000000058e-01 1.465100000000000013e-01 2.568699999999999872e-01 1.376900000000000068e-01 5.813000000000000111e-02 6.343999999999999639e-02 4.050000000000000128e-02 2.619199999999999862e-01 5.559000000000000052e-02 1.129999999999999928e-03 1.043199999999999961e-01 1.100000000000000006e-01 1.400000000000000133e-01 4.100000000000000000e+01
1.771699999999999942e-01 9.077000000000000346e-02 1.486200000000000021e-01 6.805999999999999550e-02 2.863100000000000089e-01 2.511900000000000244e-01 2.891599999999999726e-01 2.185300000000000020e-01 1.714100000000000068e-01 2.407000000000000112e-02 6.499000000000000610e-02 7.000000000000000666e-02 1.000000000000000056e-01 4.200000000000000000e+01
4.349999999999999700e-03 1.445899999999999963e-01 2.989800000000000235e-01 2.639500000000000179e-01 1.154999999999999950e-02 2.959999999999999958e-03 1.209800000000000042e-01 1.365899999999999892e-01 4.540000000000000285e-02 1.072499999999999981e-01 1.713699999999999946e-01 1.700000000000000122e-01 1.900000000000000022e-01 1.130000000000000000e+02
5.168999999999999984e-02 1.331400000000000083e-01 6.570000000000000319e-03 1.955000000000000071e-01 1.684499999999999886e-01 2.281199999999999894e-01 2.757200000000000206e-01 2.293800000000000006e-01 3.649999999999999772e-02 6.147999999999999993e-02 2.704599999999999782e-01 2.399999999999999911e-01 2.700000000000000178e-01 7.200000000000000000e+02
1.655399999999999927e-01 2.598300000000000054e-01 3.776999999999999802e-02 9.460000000000000353e-02 2.503799999999999915e-01 2.931199999999999917e-01 4.721000000000000196e-02 1.367400000000000004e-01 1.835700000000000109e-01 1.144499999999999962e-01 2.450799999999999923e-01 2.399999999999999911e-01 2.700000000000000178e-01 4.900000000000000000e+01
1.595799999999999996e-01 8.404999999999999971e-02 2.781399999999999983e-01 2.280200000000000005e-01 9.499999999999999981e-04 2.976900000000000102e-01 1.858899999999999997e-01 2.789499999999999758e-01 2.990599999999999925e-01 2.630500000000000060e-01 1.433999999999999997e-01 1.499999999999999944e-01 1.600000000000000033e-01 5.800000000000000000e+01
8.090999999999999581e-02 1.864800000000000069e-01 2.695500000000000118e-01 1.051000000000000024e-02 4.091999999999999804e-02 6.532999999999999918e-02 1.452299999999999980e-01 2.735000000000000209e-01 1.612399999999999944e-01 2.018899999999999861e-01 1.400000000000000133e-01 1.400000000000000133e-01 1.600000000000000033e-01 3.800000000000000000e+01
1.818299999999999916e-01 1.772100000000000064e-01 1.683699999999999919e-01 9.699000000000000676e-02 1.812000000000000069e-02 2.736899999999999888e-01 1.299999999999999886e-04 1.151599999999999985e-01 2.285099999999999909e-01 2.471899999999999931e-01 2.656299999999999772e-01 2.600000000000000089e-01 2.800000000000000266e-01 1.090000000000000000e+02
3.051999999999999852e-02 1.316199999999999870e-01 1.597999999999999976e-01 1.807400000000000118e-01 2.197600000000000109e-01 2.352499999999999869e-01 1.680399999999999949e-01 1.626900000000000013e-01 2.174000000000000099e-01 1.435999999999999950e-02 1.515400000000000080e-01 1.499999999999999944e-01 1.700000000000000122e-01 5.500000000000000000e+01
2.664000000000000257e-01 1.631199999999999872e-01 1.008000000000000042e-02 7.853000000000000258e-02 6.483999999999999486e-02 2.407100000000000073e-01 2.155600000000000016e-01 2.556200000000000139e-01 1.552600000000000091e-01 1.776300000000000101e-01 1.631400000000000072e-01 1.700000000000000122e-01 1.900000000000000022e-01 5.100000000000000000e+01
1.720399999999999985e-01 8.648000000000000131e-02 2.842100000000000182e-01 1.916700000000000070e-01 2.854900000000000215e-01 1.179100000000000009e-01 1.167600000000000027e-01 8.200000000000000691e-03 4.513999999999999957e-02 1.378800000000000026e-01 1.168600000000000055e-01 1.199999999999999956e-01 1.400000000000000133e-01 8.200000000000000000e+01
7.936999999999999611e-02 1.786099999999999910e-01 1.129300000000000026e-01 2.313099999999999878e-01 2.729300000000000059e-01 1.774000000000000021e-01 2.867600000000000149e-01 1.131599999999999967e-01 1.179000000000000048e-01 8.371000000000000663e-02 1.438200000000000034e-01 1.499999999999999944e-01 1.700000000000000122e-01 4.200000000000000000e+01
2.095499999999999863e-01 2.876699999999999813e-01 1.218100000000000016e-01 1.398899999999999866e-01 2.215499999999999969e-01 1.877699999999999925e-01 3.511999999999999844e-02 1.259599999999999886e-01 1.613900000000000057e-01 1.029299999999999937e-01 2.323399999999999910e-01 2.300000000000000100e-01 2.500000000000000000e-01 4.600000000000000000e+01
1.640999999999999959e-01 1.488000000000000086e-02 2.927500000000000102e-01 2.407299999999999995e-01 2.053800000000000070e-01 2.055299999999999905e-01 1.980000000000000093e-01 9.857000000000000484e-02 9.214999999999999580e-02 1.669599999999999973e-01 1.044299999999999951e-01 1.100000000000000006e-01 1.300000000000000044e-01 9.900000000000000000e+01
2.589500000000000135e-01 1.818099999999999994e-01 8.114999999999999991e-02 1.879800000000000082e-01 2.626200000000000201e-01 1.107100000000000029e-01 2.276400000000000090e-01 1.368499999999999994e-01 2.066199999999999981e-01 9.270000000000000462e-02 1.988300000000000067e-01 2.000000000000000111e-01 2.200000000000000011e-01 5.500000000000000000e+01
9.289999999999999647e-03 7.029999999999999791e-03 1.772999999999999923e-02 4.429999999999999910e-02 1.599000000000000074e-02 2.122999999999999887e-01 5.786000000000000171e-02 2.044100000000000084e-01 8.942999999999999561e-02 1.187799999999999967e-01 2.298699999999999910e-01 2.099999999999999922e-01 2.399999999999999911e-01 1.660000000000000000e+02
8.100999999999999868e-02 7.122000000000000552e-02 9.185999999999999721e-02 6.751999999999999669e-02 5.328999999999999709e-02 1.455799999999999872e-01 1.596700000000000064e-01 1.148900000000000060e-01 5.049000000000000016e-02 1.989900000000000002e-01 3.386999999999999733e-02 4.000000000000000083e-02 5.999999999999999778e-02 1.210000000000000000e+02
2.691200000000000259e-01 4.660000000000000080e-03 1.129799999999999971e-01 2.824000000000000121e-02 9.234000000000000541e-02 2.851600000000000246e-01 2.423599999999999921e-01 3.944000000000000283e-02 8.269999999999999574e-03 2.057400000000000062e-01 2.957999999999999866e-02 4.000000000000000083e-02 5.999999999999999778e-02 4.700000000000000000e+01
2.718499999999999805e-01 1.709499999999999909e-01 2.171700000000000019e-01 4.220999999999999752e-02 1.710399999999999976e-01 2.397100000000000064e-01 1.976499999999999924e-01 1.181799999999999934e-01 2.626499999999999946e-01 4.275999999999999940e-02 3.944000000000000283e-02 5.000000000000000278e-02 8.000000000000000167e-02 3.900000000000000000e+01
2.857299999999999840e-01 2.327999999999999861e-02 1.579000000000000126e-01 2.262200000000000044e-01 1.620099999999999874e-01 7.710000000000000187e-02 1.210399999999999948e-01 1.302999999999999992e-02 1.860499999999999932e-01 2.068500000000000061e-01 1.282399999999999929e-01 1.300000000000000044e-01 1.499999999999999944e-01 1.090000000000000000e+02
1.789300000000000057e-01 2.117400000000000115e-01 1.332800000000000096e-01 1.937200000000000033e-01 6.983999999999999930e-02 2.482699999999999907e-01 4.061000000000000026e-02 6.922999999999999987e-02 5.616999999999999771e-02 7.691000000000000614e-02 3.645000000000000323e-02 5.000000000000000278e-02 7.000000000000000666e-02 7.600000000000000000e+01
2.108800000000000119e-01 2.250000000000000056e-01 8.551000000000000267e-02 1.307300000000000129e-01 2.539600000000000191e-01 8.729999999999999913e-03 1.721999999999999920e-02 2.086699999999999944e-01 2.177999999999999936e-01 1.047300000000000036e-01 4.830999999999999878e-02 5.999999999999999778e-02 8.999999999999999667e-02 4.000000000000000000e+01
9.772999999999999743e-02 1.985200000000000020e-01 1.144199999999999939e-01 7.241999999999999826e-02 1.957200000000000051e-01 2.761799999999999811e-01 2.585500000000000020e-01 1.840199999999999891e-01 2.532999999999999835e-02 2.808899999999999730e-01 9.297999999999999321e-02 1.000000000000000056e-01 1.100000000000000006e-01 3.700000000000000000e+01
2.869700000000000029e-01 2.011000000000000010e-01 1.496899999999999897e-01 1.346299999999999997e-01 1.982000000000000081e-02 1.936599999999999988e-01 1.707599999999999951e-01 2.636899999999999800e-01 1.826000000000000123e-01 1.828100000000000003e-01 1.466300000000000103e-01 1.499999999999999944e-01 1.700000000000000122e-01 4.500000000000000000e+01
9.245000000000000440e-02 2.781699999999999728e-01 8.157000000000000361e-02 1.161800000000000055e-01 9.390999999999999348e-02 1.541000000000000009e-02 2.909700000000000064e-01 1.533200000000000118e-01 2.333699999999999941e-01 3.901000000000000301e-02 4.880999999999999922e-02 5.000000000000000278e-02 8.999999999999999667e-02 3.800000000000000000e+01
2.369400000000000117e-01 2.744999999999999871e-02 7.953000000000000347e-02 9.699000000000000676e-02 1.959400000000000031e-01 1.350600000000000134e-01 2.777600000000000069e-01 3.860000000000000236e-02 2.647499999999999853e-01 1.702599999999999947e-01 1.214100000000000040e-01 1.199999999999999956e-01 1.400000000000000133e-01 6.200000000000000000e+01
2.005500000000000060e-01 1.979100000000000026e-01 1.725800000000000112e-01 1.630600000000000105e-01 1.951400000000000079e-01 2.793999999999999817e-01 2.813999999999999835e-02 6.410000000000000420e-02 8.103000000000000480e-02 2.093899999999999928e-01 1.065900000000000042e-01 1.100000000000000006e-01 1.300000000000000044e-01 1.060000000000000000e+02
1.310199999999999976e-01 1.164899999999999963e-01 1.795700000000000074e-01 1.311599999999999988e-01 1.438800000000000079e-01 1.835400000000000087e-01 7.895000000000000628e-02 4.524999999999999856e-02 1.251500000000000112e-01 2.634799999999999920e-01 1.111000000000000043e-01 1.199999999999999956e-01 1.300000000000000044e-01 4.600000000000000000e+01
2.913000000000000034e-01 3.830999999999999683e-02 1.542499999999999982e-01 4.220000000000000140e-02 1.659299999999999942e-01 2.352299999999999947e-01 2.340299999999999880e-01 1.338300000000000045e-01 5.049999999999999802e-03 1.908700000000000119e-01 1.358000000000000040e-01 1.300000000000000044e-01 1.499999999999999944e-01 1.440000000000000000e+02
1.732100000000000029e-01 2.327500000000000124e-01 2.553000000000000061e-02 1.195999999999999980e-01 5.410000000000000225e-02 2.090200000000000113e-01 1.330300000000000094e-01 8.692999999999999339e-02 8.236000000000000265e-02 1.192999999999999963e-02 1.030500000000000027e-01 1.100000000000000006e-01 1.300000000000000044e-01 4.000000000000000000e+01
1.245900000000000063e-01 1.187399999999999983e-01 1.545700000000000129e-01 2.760400000000000076e-01 1.321799999999999919e-01 1.926200000000000134e-01 2.829800000000000093e-01 2.117900000000000060e-01 2.422300000000000009e-01 2.996500000000000274e-01 2.127600000000000047e-01 2.099999999999999922e-01 2.200000000000000011e-01 1.380000000000000000e+02
2.618699999999999917e-01 5.670000000000000040e-02 5.265999999999999848e-02 7.857000000000000095e-02 2.419399999999999884e-01 1.401799999999999990e-01 2.884099999999999997e-01 2.910200000000000009e-01 1.371999999999999886e-01 1.821699999999999986e-01 6.130000000000000032e-02 7.000000000000000666e-02 8.999999999999999667e-02 4.800000000000000000e+01
1.947899999999999909e-01 1.818799999999999861e-01 1.752000000000000085e-02 1.230999999999999976e-02 1.351100000000000079e-01 1.003000000000000072e-02 1.316700000000000093e-01 1.608700000000000130e-01 2.438299999999999912e-01 1.037600000000000050e-01 2.947799999999999865e-01 2.800000000000000266e-01 2.999999999999999889e-01 1.870000000000000000e+02
9.230000000000000357e-03 2.330099999999999949e-01 1.859300000000000119e-01 8.525000000000000633e-02 8.519999999999999796e-02 1.462100000000000066e-01 2.398000000000000131e-01 2.341600000000000070e-01 2.450700000000000101e-01 1.981600000000000028e-01 1.920000000000000049e-03 2.000000000000000042e-02 5.000000000000000278e-02 4.000000000000000000e+01
5.883000000000000035e-02 1.533400000000000041e-01 2.516399999999999748e-01 2.799800000000000066e-01 2.265000000000000069e-01 5.142999999999999655e-02 1.681400000000000117e-01 5.399999999999999939e-02 2.139999999999999975e-03 2.523099999999999787e-01 2.181400000000000006e-01 2.099999999999999922e-01 2.300000000000000100e-01 1.200000000000000000e+02
1.384900000000000020e-01 1.282200000000000006e-01 2.445499999999999896e-01 4.619000000000000189e-02 2.355399999999999994e-01 4.544000000000000122e-02 1.102899999999999991e-01 9.299999999999999933e-02 2.626000000000000001e-01 2.900699999999999945e-01 1.544200000000000017e-01 1.600000000000000033e-01 1.700000000000000122e-01 6.200000000000000000e+01
3.989999999999999623e-03 1.644899999999999973e-01 1.588100000000000067e-01 2.306199999999999917e-01 2.148700000000000054e-01 1.236499999999999960e-01 1.723600000000000132e-01 2.585799999999999765e-01 1.280000000000000061e-02 2.593500000000000250e-01 9.379999999999999449e-03 2.000000000000000042e-02 4.000000000000000083e-02 3.600000000000000000e+01
2.361699999999999910e-01 5.976999999999999674e-02 2.837700000000000222e-01 7.220000000000000029e-02 1.457600000000000007e-01 1.624400000000000011e-01 5.700999999999999818e-02 1.262300000000000089e-01 1.881400000000000017e-01 1.886799999999999866e-01 2.644199999999999884e-01 2.500000000000000000e-01 2.700000000000000178e-01 1.800000000000000000e+02
6.300000000000000261e-04 1.170899999999999996e-01 9.463000000000000578e-02 2.190400000000000125e-01 1.746199999999999974e-01 9.560000000000000442e-02 1.796999999999999986e-01 1.786399999999999932e-01 1.972399999999999987e-01 2.165199999999999902e-01 2.515200000000000213e-01 2.399999999999999911e-01 2.600000000000000089e-01 1.580000000000000000e+02
9.231999999999999929e-02 2.316100000000000103e-01 1.630199999999999982e-01 1.790700000000000069e-01 2.042899999999999994e-01 2.975599999999999912e-01 8.021000000000000352e-02 1.226300000000000029e-01 1.029299999999999937e-01 2.907500000000000084e-01 4.789999999999999987e-03 2.000000000000000042e-02 4.000000000000000083e-02 3.600000000000000000e+01
1.260000000000000052e-03 1.980800000000000061e-01 6.167999999999999872e-02 9.268999999999999462e-02 2.215000000000000024e-01 3.538000000000000173e-02 1.918999999999999873e-02 4.970999999999999724e-02 2.050500000000000100e-01 2.379100000000000104e-01 2.245900000000000118e-01 2.200000000000000011e-01 2.399999999999999911e-01 6.700000000000000000e+01
8.372999999999999887e-02 3.126000000000000306e-02 4.318000000000000310e-02 2.846199999999999841e-01 8.082000000000000295e-02 1.795000000000000068e-02 2.818800000000000194e-01 7.110000000000000001e-03 1.318199999999999927e-01 4.787999999999999895e-02 2.551300000000000234e-01 2.000000000000000111e-01 2.099999999999999922e-01 7.200000000000000000e+02
2.509899999999999909e-01 3.171999999999999820e-02 2.121699999999999975e-01 4.580999999999999656e-02 8.118999999999999828e-02 1.897500000000000020e-01 2.221700000000000064e-01 2.755299999999999971e-01 2.950099999999999945e-01 2.811600000000000210e-01 2.283999999999999919e-01 2.200000000000000011e-01 2.399999999999999911e-01 1.710000000000000000e+02
2.589000000000000190e-01 2.214599999999999902e-01 1.160899999999999987e-01 2.849300000000000166e-01 2.518400000000000083e-01 2.402199999999999891e-01 2.941199999999999926e-01 2.429199999999999970e-01 2.532099999999999906e-01 1.189899999999999985e-01 1.482199999999999906e-01 1.499999999999999944e-01 1.799999999999999933e-01 4.000000000000000000e+01
2.284899999999999987e-01 2.935300000000000131e-01 1.413999999999999979e-02 1.037799999999999973e-01 2.757899999999999796e-01 2.651499999999999968e-01 2.163799999999999890e-01 6.308999999999999331e-02 2.373999999999999999e-01 3.833999999999999908e-02 2.133700000000000041e-01 2.099999999999999922e-01 2.300000000000000100e-01 4.700000000000000000e+01
1.962800000000000100e-01 2.330000000000000040e-03 1.524999999999999967e-02 5.020000000000000157e-03 1.996199999999999919e-01 7.222000000000000641e-02 7.507999999999999396e-02 1.867699999999999916e-01 2.278399999999999870e-01 1.600000000000000033e-02 1.374599999999999989e-01 1.400000000000000133e-01 1.499999999999999944e-01 8.300000000000000000e+01
1.422400000000000053e-01 1.407499999999999862e-01 1.895300000000000040e-01 1.328799999999999981e-01 1.043599999999999944e-01 5.752999999999999781e-02 2.031000000000000166e-02 1.028899999999999954e-01 3.910000000000000281e-02 6.113999999999999990e-02 2.846600000000000241e-01 2.700000000000000178e-01 2.999999999999999889e-01 1.550000000000000000e+02
6.151000000000000217e-02 7.856000000000000483e-02 1.695699999999999985e-01 1.651400000000000090e-01 7.309999999999999831e-02 1.039800000000000030e-01 1.444799999999999973e-01 2.550000000000000183e-03 1.625999999999999945e-01 5.433999999999999941e-02 6.899999999999999883e-03 2.000000000000000042e-02 5.999999999999999778e-02 4.000000000000000000e+01
1.523799999999999877e-01 1.171200000000000019e-01 2.100299999999999945e-01 2.791000000000000078e-02 1.544399999999999940e-01 8.848000000000000309e-02 1.867600000000000093e-01 2.972500000000000142e-01 1.699700000000000100e-01 2.895800000000000041e-01 1.975600000000000134e-01 1.900000000000000022e-01 2.000000000000000111e-01 2.030000000000000000e+02
5.830000000000000113e-03 1.440000000000000091e-03 9.234000000000000541e-02 2.381399999999999906e-01 1.550999999999999948e-02 2.026600000000000068e-01 2.356399999999999884e-01 1.685999999999999999e-01 2.164300000000000113e-01 1.617000000000000035e-02 1.358099999999999863e-01 1.300000000000000044e-01 1.499999999999999944e-01 8.000000000000000000e+01
2.139099999999999890e-01 2.845199999999999951e-01 2.477999999999999925e-01 2.600999999999999840e-02 1.002099999999999935e-01 2.475799999999999945e-01 2.596700000000000119e-01 6.308999999999999331e-02 6.779999999999999569e-03 1.962299999999999878e-01 2.061600000000000099e-01 2.099999999999999922e-01 2.200000000000000011e-01 4.200000000000000000e+01
2.084900000000000087e-01 1.008099999999999968e-01 8.512000000000000122e-02 4.164999999999999952e-02 1.567399999999999904e-01 2.497999999999999943e-01 2.623099999999999876e-01 2.830099999999999838e-01 8.561000000000000554e-02 7.728000000000000147e-02 1.258799999999999919e-01 1.300000000000000044e-01 1.499999999999999944e-01 5.500000000000000000e+01
9.726999999999999535e-02 2.426500000000000046e-01 9.715999999999999637e-02 9.600000000000000243e-04 8.377999999999999337e-02 1.166299999999999976e-01 1.419700000000000129e-01 2.463999999999999871e-02 2.077700000000000102e-01 5.152999999999999942e-02 1.149499999999999966e-01 1.199999999999999956e-01 1.499999999999999944e-01 4.000000000000000000e+01
1.852399999999999880e-01 2.783499999999999863e-01 1.211499999999999938e-01 2.346000000000000169e-02 2.858299999999999730e-01 1.192099999999999965e-01 2.971699999999999897e-01 4.667999999999999927e-02 3.216000000000000109e-02 4.247000000000000081e-02 7.638999999999999957e-02 8.000000000000000167e-02 1.100000000000000006e-01 4.300000000000000000e+01
2.017100000000000004e-01 1.038199999999999956e-01 4.299999999999999894e-04 1.182700000000000001e-01 7.192999999999999394e-02 1.762499999999999900e-01 1.034000000000000058e-01 1.464199999999999946e-01 9.800000000000000377e-02 5.709999999999999798e-02 2.526200000000000112e-01 2.399999999999999911e-01 2.600000000000000089e-01 1.650000000000000000e+02
2.894200000000000106e-01 1.332599999999999896e-01 5.045000000000000179e-02 2.524600000000000177e-01 2.371800000000000019e-01 1.749100000000000099e-01 2.038699999999999957e-01 1.317200000000000037e-01 1.524000000000000077e-01 8.837000000000000410e-02 4.130000000000000338e-02 5.000000000000000278e-02 8.000000000000000167e-02 4.000000000000000000e+01
2.547900000000000165e-01 2.689799999999999969e-01 7.399999999999999894e-04 2.449699999999999933e-01 2.254299999999999915e-01 2.596000000000000044e-02 2.762800000000000256e-01 1.726199999999999957e-01 1.428500000000000048e-01 1.641900000000000026e-01 1.351999999999999869e-01 1.400000000000000133e-01 1.499999999999999944e-01 4.900000000000000000e+01
2.547300000000000120e-01 1.282999999999999939e-02 2.512400000000000189e-01 2.467600000000000071e-01 9.538000000000000644e-02 8.354999999999999927e-02 2.384000000000000008e-02 1.645399999999999918e-01 1.061799999999999966e-01 9.202000000000000457e-02 1.226399999999999990e-01 1.199999999999999956e-01 1.400000000000000133e-01 9.800000000000000000e+01
2.707600000000000007e-01 2.638000000000000067e-02 9.429999999999999494e-02 1.300999999999999934e-01 2.281199999999999894e-01 5.546000000000000235e-02 5.709000000000000186e-02 2.009299999999999975e-01 2.698999999999999733e-01 2.643599999999999839e-01 7.215000000000000580e-02 8.000000000000000167e-02 1.000000000000000056e-01 5.500000000000000000e+01
9.995999999999999330e-02 1.502600000000000047e-01 1.369199999999999862e-01 1.806399999999999950e-01 7.885999999999999954e-02 4.143999999999999767e-02 3.441000000000000308e-02 3.815000000000000335e-02 1.290999999999999925e-01 1.636199999999999877e-01 3.581999999999999768e-02 5.000000000000000278e-02 7.000000000000000666e-02 8.000000000000000000e+01
2.246000000000000080e-02 1.595300000000000051e-01 1.400999999999999988e-02 2.462000000000000022e-01 4.453000000000000014e-02 1.304299999999999904e-01 4.589000000000000024e-02 2.000000000000000042e-02 1.233500000000000013e-01 1.595399999999999874e-01 2.295599999999999863e-01 2.300000000000000100e-01 2.500000000000000000e-01 9.900000000000000000e+01
1.811099999999999932e-01 2.882700000000000262e-01 1.913999999999999868e-01 2.929999999999999966e-02 1.820000000000000003e-03 2.226499999999999868e-01 2.168599999999999972e-01 1.574599999999999889e-01 2.834200000000000053e-01 1.176999999999999991e-01 1.878499999999999892e-01 1.900000000000000022e-01 2.099999999999999922e-01 4.200000000000000000e+01
4.050000000000000128e-02 1.789300000000000057e-01 1.464000000000000024e-02 2.188199999999999867e-01 1.562000000000000020e-02 1.613100000000000089e-01 2.337500000000000133e-01 5.226000000000000090e-02 2.139300000000000090e-01 8.053000000000000436e-02 1.841399999999999981e-01 1.799999999999999933e-01 2.099999999999999922e-01 5.100000000000000000e+01
1.645500000000000018e-01 1.168799999999999978e-01 1.046300000000000008e-01 6.565000000000000002e-02 1.050200000000000022e-01 2.699799999999999978e-01 1.380899999999999905e-01 3.388000000000000039e-02 1.676799999999999957e-01 2.271700000000000108e-01 4.062999999999999945e-02 5.000000000000000278e-02 7.000000000000000666e-02 1.060000000000000000e+02
1.532900000000000096e-01 2.732200000000000184e-01 8.819999999999999715e-03 1.796999999999999986e-02 5.548999999999999766e-02 1.769699999999999884e-01 1.202600000000000058e-01 5.652999999999999692e-02 8.357000000000000539e-02 1.654899999999999982e-01 1.400000000000000133e-01 1.400000000000000133e-01 1.600000000000000033e-01 9.000000000000000000e+01
1.694799999999999918e-01 3.513000000000000150e-02 2.114600000000000091e-01 2.798000000000000140e-02 1.376199999999999923e-01 7.460999999999999577e-02 2.436300000000000132e-01 1.742299999999999960e-01 2.383899999999999908e-01 1.644100000000000006e-01 1.835400000000000087e-01 1.799999999999999933e-01 1.900000000000000022e-01 1.160000000000000000e+02
2.061099999999999877e-01 2.377400000000000069e-01 1.374100000000000044e-01 7.982999999999999818e-02 2.951500000000000234e-01 1.101800000000000002e-01 8.305999999999999495e-02 3.169000000000000289e-02 2.478599999999999970e-01 2.173200000000000132e-01 7.641000000000000569e-02 8.000000000000000167e-02 1.100000000000000006e-01 4.000000000000000000e+01
1.658000000000000029e-01 1.055500000000000049e-01 1.993099999999999872e-01 2.276600000000000013e-01 1.157699999999999979e-01 9.263000000000000400e-02 2.569500000000000117e-01 2.711000000000000076e-01 2.839099999999999957e-01 1.432499999999999885e-01 2.279000000000000123e-02 2.999999999999999889e-02 7.000000000000000666e-02 4.000000000000000000e+01
2.067499999999999893e-01 8.626000000000000334e-02 1.820199999999999874e-01 2.307899999999999952e-01 1.953999999999999834e-02 1.433699999999999974e-01 4.334999999999999964e-02 2.555999999999999939e-02 2.511300000000000199e-01 1.445400000000000018e-01 2.207500000000000018e-01 2.099999999999999922e-01 2.300000000000000100e-01 1.400000000000000000e+02
1.953400000000000136e-01 1.455200000000000105e-01 1.723999999999999838e-02 1.194299999999999945e-01 1.176900000000000029e-01 2.464899999999999869e-01 1.706799999999999984e-01 1.872600000000000098e-01 1.566899999999999959e-01 2.091000000000000081e-01 4.716999999999999665e-02 5.999999999999999778e-02 7.000000000000000666e-02 1.040000000000000000e+02
2.585600000000000120e-01 1.691600000000000048e-01 2.906999999999999862e-02 2.021399999999999864e-01 1.862800000000000011e-01 2.191400000000000015e-01 1.347700000000000009e-01 6.174000000000000321e-02 3.522999999999999743e-02 1.621700000000000086e-01 2.645600000000000174e-01 2.600000000000000089e-01 2.800000000000000266e-01 1.320000000000000000e+02
2.990099999999999980e-01 2.665100000000000247e-01 1.576999999999999930e-02 2.273900000000000088e-01 1.093200000000000005e-01 6.558999999999999553e-02 2.884300000000000197e-01 2.435999999999999971e-02 9.050999999999999324e-02 2.389799999999999980e-01 2.474000000000000157e-02 2.999999999999999889e-02 5.000000000000000278e-02 3.700000000000000000e+01
1.234399999999999942e-01 2.417700000000000127e-01 1.360399999999999943e-01 2.090200000000000113e-01 7.559999999999999880e-03 9.090000000000000857e-03 2.498499999999999888e-01 2.188000000000000014e-02 1.234200000000000019e-01 1.955600000000000116e-01 1.560100000000000098e-01 1.600000000000000033e-01 1.700000000000000122e-01 3.700000000000000000e+01
1.677999999999999978e-02 2.943399999999999905e-01 1.094299999999999995e-01 1.455000000000000043e-02 1.116400000000000031e-01 2.225100000000000133e-01 6.859999999999999432e-02 1.804900000000000115e-01 1.145499999999999990e-01 1.968000000000000027e-01 2.522999999999999896e-02 4.000000000000000083e-02 5.000000000000000278e-02 3.700000000000000000e+01
2.762399999999999856e-01 3.030000000000000054e-02 2.707399999999999807e-01 2.137300000000000033e-01 2.685999999999999846e-02 1.302200000000000024e-01 1.405200000000000060e-01 1.814800000000000024e-01 2.208900000000000030e-01 1.681600000000000039e-01 1.046399999999999969e-01 1.100000000000000006e-01 1.300000000000000044e-01 5.600000000000000000e+01
1.625099999999999878e-01 1.272500000000000020e-01 1.689799999999999913e-01 2.864999999999999769e-01 1.974599999999999966e-01 2.131699999999999984e-01 1.060200000000000031e-01 2.042000000000000065e-02 1.632299999999999862e-01 9.927999999999999325e-02 1.966000000000000039e-02 2.999999999999999889e-02 5.999999999999999778e-02 4.000000000000000000e+01
1.363099999999999867e-01 7.277000000000000135e-02 2.088200000000000056e-01 2.737299999999999733e-01 3.812999999999999723e-02 1.233199999999999991e-01 4.571000000000000063e-02 2.466200000000000059e-01 1.883999999999999911e-02 1.002699999999999980e-01 9.203999999999999682e-02 1.000000000000000056e-01 1.199999999999999956e-01 5.800000000000000000e+01
8.451999999999999791e-02 1.467299999999999993e-01 3.370000000000000166e-03 5.290999999999999870e-02 2.590700000000000225e-01 8.622000000000000497e-02 2.589999999999999854e-03 8.747000000000000608e-02 1.120099999999999985e-01 3.670999999999999958e-02 6.736999999999999933e-02 7.000000000000000666e-02 1.000000000000000056e-01 3.900000000000000000e+01
9.639999999999999958e-02 2.344799999999999940e-01 1.157200000000000034e-01 1.249200000000000033e-01 1.413999999999999979e-01 1.959299999999999931e-01 7.790000000000000049e-03 9.995999999999999330e-02 1.591899999999999982e-01 2.666200000000000236e-01 2.083399999999999974e-01 2.099999999999999922e-01 2.200000000000000011e-01 1.210000000000000000e+02
2.190199999999999925e-01 9.592000000000000526e-02 7.031999999999999362e-02 1.021200000000000024e-01 1.497400000000000120e-01 2.816100000000000270e-01 1.477700000000000125e-01 6.529999999999999694e-02 1.620000000000000051e-01 1.228599999999999970e-01 2.690100000000000269e-01 2.500000000000000000e-01 2.800000000000000266e-01 2.000000000000000000e+02
1.840999999999999928e-02 9.850000000000000422e-02 2.588400000000000145e-01 7.091999999999999693e-02 1.510100000000000053e-01 2.379900000000000071e-01 1.077100000000000002e-01 7.230999999999999928e-02 1.754100000000000104e-01 2.362700000000000078e-01 1.945800000000000030e-01 1.900000000000000022e-01 2.099999999999999922e-01 1.290000000000000000e+02
2.923899999999999832e-01 2.309999999999999901e-02 8.140999999999999626e-02 2.107600000000000029e-01 2.795099999999999807e-01 1.230200000000000043e-01 2.246100000000000041e-01 1.716399999999999870e-01 1.900900000000000090e-01 1.852199999999999958e-01 1.471899999999999875e-01 1.400000000000000133e-01 1.600000000000000033e-01 1.000000000000000000e+02
2.588500000000000245e-01 2.987199999999999855e-01 2.899200000000000110e-01 2.685100000000000264e-01 1.930800000000000016e-01 1.490799999999999903e-01 9.414999999999999758e-02 1.061499999999999944e-01 1.408500000000000030e-01 1.162200000000000039e-01 2.908499999999999974e-01 2.899999999999999800e-01 3.099999999999999978e-01 6.100000000000000000e+01
8.372999999999999887e-02 1.353900000000000103e-01 1.335000000000000075e-02 3.833999999999999908e-02 2.466800000000000104e-01 3.031000000000000014e-02 7.567000000000000115e-02 1.958900000000000086e-01 1.144199999999999939e-01 2.823999999999999844e-01 2.583799999999999986e-01 2.300000000000000100e-01 2.500000000000000000e-01 7.200000000000000000e+02
1.779499999999999971e-01 1.639200000000000101e-01 2.609099999999999753e-01 1.080600000000000033e-01 1.560900000000000065e-01 2.512900000000000134e-01 2.127400000000000124e-01 8.346000000000000640e-02 2.785599999999999743e-01 2.806199999999999806e-01 2.688800000000000079e-01 2.600000000000000089e-01 2.800000000000000266e-01 1.340000000000000000e+02
1.824900000000000133e-01 2.041699999999999904e-01 1.742499999999999882e-01 1.253299999999999970e-01 2.460799999999999932e-01 7.061000000000000609e-02 9.550999999999999768e-02 2.495699999999999863e-01 3.680000000000000111e-03 2.891099999999999781e-01 1.452700000000000102e-01 1.499999999999999944e-01 1.600000000000000033e-01 3.700000000000000000e+01
2.593599999999999794e-01 1.325699999999999934e-01 1.684499999999999886e-01 2.528699999999999837e-01 9.169999999999999332e-03 2.946999999999999967e-02 2.174999999999999989e-01 2.878800000000000248e-01 4.780999999999999833e-02 1.888199999999999878e-01 1.965999999999999970e-01 1.900000000000000022e-01 2.099999999999999922e-01 1.290000000000000000e+02
2.521900000000000253e-01 1.042700000000000016e-01 1.216000000000000067e-02 2.493400000000000061e-01 2.125799999999999912e-01 8.230999999999999428e-02 1.820299999999999974e-01 2.290000000000000091e-01 2.635199999999999765e-01 1.982299999999999895e-01 1.241499999999999965e-01 1.300000000000000044e-01 1.499999999999999944e-01 4.900000000000000000e+01
2.428700000000000025e-01 2.402199999999999891e-01 2.179699999999999971e-01 1.635800000000000032e-01 2.408299999999999885e-01 1.035999999999999942e-02 2.957099999999999729e-01 1.467799999999999938e-01 1.160400000000000043e-01 1.304800000000000126e-01 1.099200000000000038e-01 1.100000000000000006e-01 1.300000000000000044e-01 4.700000000000000000e+01
1.850499999999999923e-01 1.787900000000000045e-01 2.143599999999999950e-01 7.341000000000000303e-02 2.420999999999999888e-02 2.706299999999999817e-01 2.549500000000000099e-01 2.477900000000000102e-01 2.996099999999999874e-01 3.640999999999999792e-02 2.220399999999999874e-01 2.200000000000000011e-01 2.300000000000000100e-01 7.900000000000000000e+01
2.639900000000000024e-01 2.886400000000000077e-01 5.593999999999999667e-02 7.076999999999999957e-02 1.316400000000000070e-01 5.825999999999999929e-02 2.137699999999999878e-01 3.307000000000000217e-02 2.930300000000000127e-01 2.484200000000000019e-01 1.316299999999999970e-01 1.300000000000000044e-01 1.600000000000000033e-01 4.000000000000000000e+01
