1.408099999999999907e-01 2.810699999999999865e-01 2.970499999999999807e-01 2.805199999999999916e-01 2.092499999999999916e-01 2.508299999999999974e-01 2.251199999999999868e-01 1.589899999999999924e-01 2.549299999999999899e-01 1.726499999999999979e-01 7.545000000000000318e-02 8.000000000000000167e-02 1.100000000000000006e-01 4.000000000000000000e+01
2.357499999999999873e-01 2.532999999999999835e-02 2.446200000000000041e-01 2.592300000000000160e-01 1.779300000000000048e-01 2.971900000000000097e-01 1.017999999999999981e-02 2.365099999999999980e-01 6.988999999999999380e-02 1.936100000000000043e-01 4.891999999999999821e-02 5.999999999999999778e-02 7.000000000000000666e-02 5.000000000000000000e+01
1.751099999999999879e-01 1.078999999999999924e-02 1.499900000000000122e-01 2.965800000000000103e-01 2.834200000000000053e-01 5.840999999999999664e-02 2.377400000000000069e-01 1.434999999999999991e-02 1.754699999999999871e-01 3.077999999999999833e-02 2.206599999999999950e-01 1.900000000000000022e-01 2.099999999999999922e-01 7.200000000000000000e+02
6.697999999999999787e-02 1.967200000000000060e-01 2.854300000000000170e-01 2.933399999999999896e-01 1.870400000000000118e-01 2.742999999999999952e-02 2.345800000000000107e-01 1.911400000000000043e-01 9.014999999999999403e-02 2.375000000000000028e-02 2.752899999999999792e-01 2.600000000000000089e-01 2.800000000000000266e-01 1.390000000000000000e+02
1.931900000000000006e-01 4.834000000000000102e-02 2.096899999999999875e-01 2.390200000000000102e-01 1.853799999999999892e-01 2.149199999999999999e-01 2.309599999999999986e-01 1.429499999999999937e-01 8.466999999999999527e-02 4.649999999999999620e-03 2.179500000000000048e-01 2.099999999999999922e-01 2.300000000000000100e-01 1.610000000000000000e+02
5.380000000000000060e-02 1.579699999999999993e-01 1.777299999999999991e-01 9.631000000000000671e-02 1.078999999999999924e-02 2.880900000000000127e-01 2.039600000000000024e-01 2.739599999999999813e-01 2.250800000000000023e-01 2.001000000000000001e-01 2.259999999999999856e-02 2.999999999999999889e-02 5.999999999999999778e-02 4.000000000000000000e+01
4.082999999999999824e-02 2.376199999999999979e-01 1.619099999999999984e-01 1.465299999999999936e-01 2.665199999999999791e-01 2.679400000000000115e-01 8.791000000000000203e-02 2.621499999999999941e-01 2.029799999999999938e-01 1.818000000000000171e-02 2.107600000000000029e-01 2.099999999999999922e-01 2.300000000000000100e-01 4.700000000000000000e+01
9.836000000000000298e-02 1.422999999999999959e-02 1.831000000000000127e-01 1.752900000000000014e-01 2.032899999999999985e-01 7.774000000000000354e-02 1.492300000000000015e-01 4.549000000000000266e-02 1.580600000000000060e-01 2.024900000000000033e-01 6.487999999999999323e-02 7.000000000000000666e-02 8.999999999999999667e-02 5.900000000000000000e+01
1.949500000000000122e-01 2.439999999999999947e-01 1.086700000000000027e-01 3.542000000000000010e-02 3.445999999999999758e-02 2.268000000000000016e-01 2.682999999999999829e-01 2.928600000000000092e-01 2.007899999999999963e-01 2.165100000000000080e-01 1.181299999999999989e-01 1.199999999999999956e-01 1.400000000000000133e-01 4.800000000000000000e+01
2.473700000000000065e-01 4.653000000000000191e-02 2.135499999999999898e-01 1.247400000000000037e-01 4.685999999999999888e-02 1.534600000000000131e-01 1.029599999999999960e-01 8.834000000000000186e-02 2.306699999999999862e-01 5.834999999999999909e-02 2.095299999999999940e-01 2.000000000000000111e-01 2.200000000000000011e-01 1.630000000000000000e+02
4.322999999999999760e-02 5.648999999999999855e-02 2.616800000000000237e-01 7.266000000000000236e-02 2.972299999999999942e-01 2.713300000000000156e-01 1.320800000000000030e-01 1.602399999999999936e-01 2.347700000000000065e-01 8.147999999999999687e-02 8.649999999999999356e-02 8.999999999999999667e-02 1.199999999999999956e-01 4.900000000000000000e+01
1.502900000000000069e-01 2.033699999999999952e-01 7.016999999999999627e-02 2.300500000000000045e-01 4.891000000000000208e-02 1.596700000000000064e-01 1.879699999999999982e-01 2.231700000000000073e-01 2.731299999999999839e-01 1.247400000000000037e-01 1.811000000000000110e-02 2.999999999999999889e-02 5.999999999999999778e-02 4.000000000000000000e+01
4.932000000000000273e-02 7.908999999999999364e-02 2.248199999999999921e-01 2.740500000000000158e-01 1.875000000000000000e-01 1.923400000000000110e-01 1.148200000000000054e-01 4.594000000000000167e-02 7.381000000000000061e-02 1.286899999999999988e-01 2.432600000000000040e-01 2.300000000000000100e-01 2.500000000000000000e-01 1.860000000000000000e+02
1.783200000000000063e-01 1.242000000000000048e-02 2.007299999999999918e-01 3.989999999999999623e-03 8.916999999999999926e-02 4.463000000000000300e-02 3.159000000000000002e-02 1.480799999999999894e-01 2.554500000000000104e-01 1.910300000000000054e-01 1.091300000000000048e-01 1.100000000000000006e-01 1.300000000000000044e-01 5.900000000000000000e+01
1.796399999999999941e-01 2.098099999999999965e-01 5.718999999999999778e-02 2.120900000000000007e-01 7.883999999999999342e-02 1.221099999999999963e-01 2.055899999999999950e-01 1.247400000000000037e-01 4.580999999999999656e-02 3.917000000000000343e-02 6.625999999999999945e-02 7.000000000000000666e-02 1.000000000000000056e-01 4.200000000000000000e+01
1.253700000000000092e-01 7.373999999999999999e-02 3.500000000000000073e-03 2.834800000000000098e-01 1.979700000000000071e-01 1.206399999999999972e-01 7.932000000000000162e-02 2.965999999999999887e-02 1.488599999999999923e-01 2.996400000000000174e-01 9.704000000000000126e-02 1.000000000000000056e-01 1.100000000000000006e-01 5.400000000000000000e+01
1.050399999999999945e-01 7.889999999999999444e-03 5.315999999999999892e-02 1.756099999999999883e-01 2.225999999999999923e-01 1.380599999999999883e-01 2.140600000000000003e-01 7.542000000000000093e-02 2.796100000000000252e-01 1.359499999999999875e-01 8.361999999999999988e-02 8.000000000000000167e-02 1.100000000000000006e-01 5.300000000000000000e+01
1.045800000000000063e-01 1.002500000000000058e-01 2.994299999999999740e-01 1.148600000000000038e-01 1.854500000000000037e-01 3.307000000000000217e-02 1.305600000000000094e-01 1.399700000000000111e-01 1.717100000000000015e-01 2.106500000000000039e-01 7.682999999999999552e-02 8.000000000000000167e-02 1.000000000000000056e-01 3.800000000000000000e+01
1.078699999999999937e-01 3.865999999999999992e-02 6.561000000000000165e-02 4.571000000000000063e-02 1.642000000000000057e-02 1.174800000000000011e-01 1.854200000000000015e-01 2.231499999999999873e-01 2.509500000000000064e-01 2.215300000000000047e-01 1.322299999999999864e-01 1.300000000000000044e-01 1.499999999999999944e-01 6.400000000000000000e+01
1.544699999999999962e-01 7.399999999999999634e-02 1.052300000000000041e-01 6.675000000000000377e-02 4.830000000000000265e-02 4.336000000000000271e-02 2.981099999999999861e-01 1.621799999999999908e-01 9.120000000000000329e-02 2.483799999999999897e-01 1.746999999999999942e-01 1.700000000000000122e-01 1.799999999999999933e-01 1.540000000000000000e+02
1.061399999999999982e-01 2.278900000000000092e-01 1.379400000000000071e-01 2.555700000000000194e-01 2.001999999999999960e-02 2.356300000000000061e-01 2.088700000000000001e-01 1.698199999999999987e-01 1.470299999999999940e-01 2.801199999999999801e-01 1.640699999999999936e-01 1.700000000000000122e-01 1.799999999999999933e-01 3.700000000000000000e+01
1.647599999999999898e-01 2.311600000000000044e-01 2.760299999999999976e-01 1.733599999999999863e-01 4.710999999999999910e-02 2.607900000000000218e-01 8.193999999999999895e-02 8.180999999999999384e-02 2.856099999999999750e-01 6.237000000000000183e-02 2.739099999999999868e-01 2.700000000000000178e-01 2.899999999999999800e-01 1.220000000000000000e+02
2.905400000000000205e-01 2.775999999999999995e-02 7.270999999999999686e-02 1.605100000000000138e-01 2.575899999999999856e-01 1.605699999999999905e-01 1.853000000000000133e-02 9.270000000000000462e-02 1.025900000000000006e-01 8.172000000000000097e-02 2.516800000000000148e-01 2.300000000000000100e-01 2.600000000000000089e-01 2.390000000000000000e+02
1.676999999999999880e-01 1.452799999999999925e-01 1.643999999999999975e-02 2.680000000000000090e-03 2.425799999999999901e-01 2.075700000000000045e-01 1.549300000000000122e-01 2.470100000000000073e-01 4.082999999999999824e-02 2.227099999999999913e-01 1.447700000000000098e-01 1.499999999999999944e-01 1.700000000000000122e-01 4.100000000000000000e+01
6.368999999999999662e-02 6.698999999999999400e-02 1.096700000000000036e-01 2.784400000000000208e-01 2.012799999999999867e-01 1.268900000000000028e-01 1.703399999999999914e-01 9.045999999999999874e-02 2.745900000000000007e-01 2.589400000000000035e-01 2.442199999999999926e-01 2.300000000000000100e-01 2.500000000000000000e-01 1.690000000000000000e+02
4.259999999999999898e-03 1.279800000000000104e-01 2.312299999999999911e-01 1.037099999999999966e-01 2.193499999999999894e-01 2.268400000000000138e-01 1.583799999999999930e-01 2.972199999999999842e-01 2.164600000000000135e-01 1.572699999999999931e-01 2.520299999999999763e-01 2.399999999999999911e-01 2.600000000000000089e-01 1.580000000000000000e+02
2.869999999999999774e-01 2.029400000000000093e-01 2.023800000000000043e-01 2.813899999999999735e-01 2.704900000000000082e-01 9.682000000000000328e-02 2.503999999999999976e-02 7.838000000000000522e-02 4.479999999999999608e-03 2.004599999999999993e-01 2.028699999999999948e-01 2.000000000000000111e-01 2.200000000000000011e-01 4.900000000000000000e+01
1.818599999999999939e-01 4.934999999999999803e-02 2.149699999999999944e-01 1.994799999999999907e-01 7.642000000000000182e-02 3.466000000000000331e-02 1.946599999999999997e-01 2.827999999999999958e-01 4.487000000000000016e-02 1.129999999999999928e-02 2.091000000000000150e-02 2.999999999999999889e-02 5.999999999999999778e-02 4.500000000000000000e+01
2.047400000000000053e-01 1.780200000000000116e-01 2.731000000000000094e-01 2.931699999999999862e-01 2.060899999999999954e-01 2.688400000000000234e-01 1.529699999999999949e-01 6.973999999999999644e-02 4.898000000000000270e-02 2.851699999999999791e-01 2.335200000000000053e-01 2.300000000000000100e-01 2.399999999999999911e-01 1.530000000000000000e+02
5.306999999999999912e-02 1.319599999999999940e-01 2.451500000000000068e-01 2.696000000000000132e-02 1.197099999999999970e-01 7.505000000000000560e-02 2.193499999999999894e-01 1.498700000000000032e-01 1.571799999999999864e-01 8.940000000000000030e-03 1.959700000000000053e-01 1.900000000000000022e-01 2.099999999999999922e-01 8.800000000000000000e+01
7.918999999999999651e-02 1.117800000000000044e-01 2.228700000000000125e-01 1.862800000000000011e-01 2.905999999999999903e-02 6.650000000000000355e-02 7.910000000000000364e-03 2.696299999999999808e-01 5.075000000000000344e-02 2.870999999999999941e-02 4.234999999999999876e-02 5.000000000000000278e-02 8.000000000000000167e-02 4.100000000000000000e+01
1.937899999999999900e-01 2.782299999999999773e-01 2.943100000000000160e-01 2.070899999999999963e-01 1.902500000000000024e-01 1.234299999999999981e-01 8.221000000000000529e-02 8.784000000000000141e-02 1.001100000000000045e-01 2.121899999999999897e-01 1.119300000000000017e-01 1.199999999999999956e-01 1.300000000000000044e-01 9.300000000000000000e+01
1.345999999999999974e-01 1.960600000000000120e-01 1.516399999999999970e-01 2.858800000000000230e-01 2.776899999999999924e-01 8.293000000000000371e-02 2.696000000000000132e-02 1.302099999999999924e-01 9.050000000000000752e-03 9.119999999999999635e-03 1.853799999999999892e-01 1.799999999999999933e-01 2.099999999999999922e-01 5.600000000000000000e+01
1.133999999999999939e-02 1.862699999999999911e-01 6.221000000000000141e-02 1.806099999999999928e-01 2.710000000000000169e-03 2.162900000000000100e-01 2.521999999999999936e-02 2.825199999999999934e-01 1.793099999999999972e-01 1.988600000000000090e-01 2.407799999999999940e-01 2.399999999999999911e-01 2.600000000000000089e-01 1.040000000000000000e+02
1.300699999999999912e-01 2.557999999999999857e-02 2.075200000000000100e-01 5.409999999999999878e-03 1.593299999999999994e-01 2.789599999999999858e-01 2.641100000000000114e-01 4.784000000000000058e-02 2.078800000000000092e-01 7.080000000000000182e-02 1.702700000000000047e-01 1.600000000000000033e-01 1.799999999999999933e-01 1.220000000000000000e+02
6.955999999999999683e-02 1.611499999999999877e-01 1.188300000000000051e-01 4.669999999999999672e-03 2.988600000000000145e-01 2.551499999999999879e-01 1.536800000000000110e-01 4.424000000000000155e-02 1.987099999999999977e-01 6.990000000000000380e-02 2.586600000000000010e-01 2.500000000000000000e-01 2.700000000000000178e-01 1.390000000000000000e+02
2.385599999999999943e-01 1.565100000000000102e-01 2.435799999999999910e-01 7.716000000000000636e-02 2.296499999999999930e-01 1.360399999999999943e-01 1.170599999999999974e-01 1.763000000000000123e-01 2.455700000000000105e-01 9.520000000000000684e-02 2.418000000000000010e-02 2.999999999999999889e-02 7.000000000000000666e-02 4.000000000000000000e+01
2.487399999999999889e-01 2.474699999999999955e-01 2.590600000000000125e-01 5.646000000000000324e-02 2.113500000000000101e-01 2.168100000000000027e-01 2.922699999999999743e-01 2.722000000000000114e-02 1.425500000000000100e-01 2.018199999999999994e-01 1.490499999999999881e-01 1.499999999999999944e-01 1.700000000000000122e-01 3.700000000000000000e+01
1.418500000000000039e-01 5.816000000000000336e-02 1.555999999999999918e-02 8.921999999999999376e-02 2.530000000000000027e-01 1.288300000000000001e-01 7.445999999999999841e-02 1.685099999999999931e-01 2.877100000000000213e-01 8.160000000000000586e-02 1.755899999999999961e-01 1.700000000000000122e-01 1.900000000000000022e-01 1.140000000000000000e+02
2.094699999999999895e-01 5.301000000000000156e-02 2.602000000000000146e-02 1.436999999999999944e-01 5.836000000000000215e-02 2.371800000000000019e-01 2.398599999999999899e-01 3.252000000000000030e-02 1.422000000000000000e-02 2.825199999999999934e-01 1.410000000000000012e-03 1.000000000000000021e-02 4.000000000000000083e-02 3.600000000000000000e+01
1.552199999999999969e-01 1.407799999999999885e-01 2.826000000000000040e-02 2.830599999999999783e-01 4.989999999999999991e-02 1.138399999999999967e-01 1.254500000000000060e-01 1.290999999999999925e-01 2.208400000000000085e-01 2.211000000000000118e-02 9.621000000000000385e-02 1.000000000000000056e-01 1.300000000000000044e-01 4.000000000000000000e+01
2.625700000000000256e-01 1.645699999999999941e-01 2.193100000000000049e-01 5.989999999999999665e-03 2.742999999999999883e-01 7.355000000000000426e-02 2.397100000000000064e-01 2.160700000000000121e-01 9.174000000000000210e-02 2.265600000000000114e-01 2.512300000000000089e-01 2.399999999999999911e-01 2.600000000000000089e-01 2.310000000000000000e+02
2.916300000000000003e-01 2.098099999999999965e-01 3.824999999999999928e-02 1.753200000000000036e-01 2.225100000000000133e-01 1.511699999999999988e-01 1.739300000000000013e-01 9.644999999999999407e-02 1.114300000000000013e-01 9.926000000000000101e-02 2.487300000000000066e-01 2.500000000000000000e-01 2.600000000000000089e-01 8.900000000000000000e+01
2.219099999999999961e-01 2.419699999999999906e-01 5.550000000000000246e-03 1.686900000000000066e-01 2.513699999999999823e-01 1.327899999999999914e-01 2.882199999999999762e-01 6.246000000000000163e-02 2.065200000000000091e-01 2.571899999999999742e-01 1.912000000000000088e-01 1.900000000000000022e-01 2.099999999999999922e-01 3.700000000000000000e+01
2.359499999999999931e-01 2.436899999999999900e-01 7.111000000000000654e-02 1.005700000000000066e-01 3.099999999999999999e-04 1.036600000000000021e-01 2.616499999999999937e-01 1.184100000000000014e-01 2.845699999999999896e-01 9.029999999999999832e-03 1.053400000000000031e-01 1.100000000000000006e-01 1.400000000000000133e-01 4.000000000000000000e+01
8.827000000000000124e-02 1.052099999999999980e-01 1.853700000000000070e-01 5.301000000000000156e-02 1.494000000000000015e-02 3.343000000000000138e-02 1.618900000000000061e-01 1.422599999999999976e-01 9.643999999999999795e-02 7.180000000000000271e-02 1.970800000000000052e-01 1.900000000000000022e-01 2.099999999999999922e-01 1.250000000000000000e+02
1.542900000000000105e-01 2.723800000000000110e-01 1.669100000000000028e-01 8.923999999999999988e-02 2.462799999999999989e-01 1.061999999999999923e-02 1.705299999999999871e-01 1.988699999999999912e-01 1.920000000000000040e-01 6.749999999999999924e-03 2.646399999999999864e-01 2.600000000000000089e-01 2.800000000000000266e-01 6.000000000000000000e+01
3.312999999999999973e-02 2.692100000000000048e-01 2.178799999999999903e-01 2.771700000000000275e-01 6.629999999999999782e-02 1.480299999999999949e-01 2.029299999999999993e-01 1.127299999999999969e-01 3.438000000000000084e-02 4.456000000000000238e-02 1.061499999999999944e-01 1.100000000000000006e-01 1.300000000000000044e-01 4.500000000000000000e+01
1.342899999999999927e-01 2.213000000000000037e-02 9.520000000000000684e-03 2.469800000000000051e-01 1.228699999999999931e-01 2.358500000000000041e-01 1.994299999999999962e-01 1.569999999999999998e-03 1.638699999999999879e-01 3.887000000000000177e-02 6.596000000000000474e-02 7.000000000000000666e-02 1.000000000000000056e-01 4.900000000000000000e+01
4.229000000000000120e-02 2.073800000000000088e-01 2.147199999999999942e-01 1.234600000000000003e-01 3.170000000000000075e-03 2.697800000000000198e-01 2.965300000000000158e-01 2.862999999999999920e-02 2.539500000000000091e-01 2.114900000000000113e-01 2.551100000000000034e-01 2.500000000000000000e-01 2.700000000000000178e-01 6.500000000000000000e+01
1.217999999999999985e-02 1.012099999999999944e-01 2.223400000000000098e-01 6.965000000000000357e-02 6.433999999999999442e-02 1.035599999999999993e-01 6.492000000000000548e-02 2.670399999999999996e-01 2.004799999999999915e-01 2.933000000000000052e-01 2.165300000000000002e-01 2.099999999999999922e-01 2.300000000000000100e-01 1.530000000000000000e+02
6.746000000000000607e-02 1.452700000000000102e-01 2.055599999999999927e-01 1.879000000000000115e-02 9.633999999999999508e-02 4.551000000000000184e-02 1.593900000000000039e-01 2.332100000000000006e-01 1.711900000000000088e-01 2.774699999999999944e-01 3.579999999999999849e-02 4.000000000000000083e-02 5.999999999999999778e-02 3.700000000000000000e+01
9.712999999999999412e-02 5.231999999999999845e-02 3.257000000000000173e-02 1.652399999999999980e-01 1.396300000000000041e-01 9.740999999999999659e-02 3.801000000000000212e-02 2.874499999999999833e-01 1.495400000000000063e-01 1.747900000000000009e-01 8.483000000000000262e-02 8.999999999999999667e-02 1.100000000000000006e-01 5.800000000000000000e+01
2.562800000000000078e-01 1.189800000000000024e-01 2.536700000000000066e-01 2.074000000000000010e-01 2.326999999999999902e-02 1.422100000000000031e-01 1.799000000000000044e-01 2.258100000000000107e-01 2.387199999999999878e-01 1.167699999999999988e-01 2.627499999999999836e-01 2.500000000000000000e-01 2.700000000000000178e-01 1.990000000000000000e+02
2.011300000000000032e-01 1.018099999999999977e-01 6.729000000000000259e-02 1.429999999999999882e-01 2.273000000000000020e-01 7.091000000000000081e-02 8.043999999999999762e-02 2.443200000000000094e-01 1.121899999999999981e-01 1.614000000000000157e-02 2.239099999999999979e-01 2.099999999999999922e-01 2.300000000000000100e-01 1.610000000000000000e+02
1.359200000000000130e-01 1.375999999999999966e-02 2.931099999999999817e-01 2.210999999999999910e-01 1.451999999999999957e-01 2.995300000000000185e-01 2.556899999999999729e-01 1.892800000000000038e-01 2.166099999999999970e-01 2.657999999999999807e-01 1.795000000000000068e-02 2.999999999999999889e-02 5.000000000000000278e-02 4.400000000000000000e+01
9.001000000000000667e-02 2.286700000000000121e-01 3.622000000000000219e-02 4.768000000000000016e-02 2.503799999999999915e-01 2.526100000000000012e-01 2.417499999999999927e-01 2.471999999999999892e-02 1.591599999999999959e-01 1.731399999999999884e-01 1.737999999999999962e-02 2.999999999999999889e-02 5.000000000000000278e-02 4.600000000000000000e+01
1.591500000000000137e-01 2.016100000000000114e-01 1.211900000000000061e-01 2.026300000000000046e-01 2.750500000000000167e-01 1.401499999999999968e-01 1.444100000000000106e-01 1.651000000000000037e-02 2.809499999999999775e-01 2.912100000000000244e-01 9.034000000000000363e-02 8.999999999999999667e-02 1.100000000000000006e-01 4.500000000000000000e+01
1.480000000000000066e-02 9.568999999999999728e-02 2.005800000000000083e-01 5.720999999999999697e-02 1.825900000000000023e-01 1.233000000000000068e-02 1.525999999999999926e-02 1.979599999999999971e-01 4.132000000000000256e-02 2.369999999999999885e-01 2.648699999999999943e-01 2.099999999999999922e-01 2.300000000000000100e-01 7.200000000000000000e+02
2.280600000000000127e-01 2.794400000000000217e-01 5.045999999999999791e-02 1.450799999999999867e-01 8.934999999999999887e-02 2.993899999999999895e-01 2.679799999999999960e-01 1.961100000000000065e-01 9.970999999999999308e-02 1.776999999999999968e-01 3.778000000000000108e-02 5.000000000000000278e-02 5.999999999999999778e-02 3.700000000000000000e+01
1.687400000000000011e-01 2.154600000000000126e-01 4.629999999999999567e-03 2.206500000000000128e-01 1.750200000000000089e-01 2.033800000000000052e-01 2.832100000000000173e-01 1.452900000000000025e-01 7.273999999999999910e-02 8.316999999999999393e-02 1.306599999999999984e-01 1.300000000000000044e-01 1.600000000000000033e-01 4.500000000000000000e+01
2.331000000000000086e-02 1.959299999999999931e-01 1.676100000000000090e-01 3.540000000000000178e-03 1.637999999999999873e-02 1.571700000000000041e-01 2.711600000000000121e-01 6.929000000000000437e-02 9.633999999999999508e-02 2.357200000000000129e-01 1.056200000000000055e-01 1.100000000000000006e-01 1.199999999999999956e-01 3.700000000000000000e+01
1.244999999999999926e-02 1.054100000000000037e-01 4.739999999999999769e-02 7.449999999999999678e-02 9.693999999999999839e-02 2.830000000000000050e-03 2.269599999999999951e-01 1.546200000000000074e-01 2.731199999999999739e-01 8.090999999999999581e-02 1.198499999999999982e-01 1.199999999999999956e-01 1.499999999999999944e-01 4.900000000000000000e+01
2.467699999999999894e-01 1.784100000000000130e-01 2.702899999999999747e-01 6.024000000000000188e-02 2.575799999999999756e-01 8.085000000000000520e-02 9.993000000000000493e-02 6.244999999999999857e-02 2.048699999999999966e-01 2.216599999999999959e-01 1.874599999999999878e-01 1.900000000000000022e-01 2.099999999999999922e-01 5.500000000000000000e+01
2.707999999999999990e-02 1.810700000000000087e-01 7.380000000000000275e-03 1.149799999999999989e-01 1.653999999999999915e-01 6.568999999999999839e-02 1.741199999999999970e-01 7.571999999999999564e-02 2.637100000000000000e-01 1.390899999999999914e-01 1.936299999999999966e-01 1.900000000000000022e-01 2.200000000000000011e-01 5.100000000000000000e+01
4.311999999999999861e-02 2.680000000000000090e-03 9.140000000000000555e-03 1.376699999999999868e-01 4.769000000000000322e-02 4.539999999999999765e-03 2.603900000000000103e-01 6.837999999999999634e-02 2.871299999999999963e-01 1.824999999999999956e-01 3.076999999999999874e-02 4.000000000000000083e-02 7.000000000000000666e-02 4.600000000000000000e+01
6.067000000000000171e-02 1.457600000000000007e-01 1.363499999999999990e-01 3.800000000000000209e-04 1.012399999999999967e-01 1.252199999999999980e-01 1.911700000000000066e-01 8.999999999999999667e-02 3.495999999999999802e-02 8.230999999999999428e-02 1.317000000000000115e-01 1.300000000000000044e-01 1.499999999999999944e-01 5.400000000000000000e+01
8.189999999999999364e-03 2.289899999999999991e-01 1.162000000000000012e-02 3.690000000000000224e-02 1.015100000000000030e-01 3.552999999999999908e-02 6.420000000000000359e-03 8.315999999999999781e-02 3.728999999999999676e-02 1.324299999999999922e-01 1.574099999999999944e-01 1.600000000000000033e-01 1.799999999999999933e-01 8.300000000000000000e+01
1.867999999999999938e-01 4.164000000000000340e-02 2.220499999999999974e-01 2.032499999999999862e-01 2.184399999999999953e-01 2.829999999999999877e-02 1.419300000000000006e-01 1.368399999999999894e-01 2.683599999999999874e-01 6.072999999999999926e-02 4.198999999999999955e-02 5.000000000000000278e-02 8.000000000000000167e-02 4.500000000000000000e+01
2.664799999999999947e-01 7.693999999999999451e-02 2.854099999999999970e-01 7.248000000000000276e-02 1.408000000000000085e-01 2.274299999999999933e-01 1.177600000000000036e-01 1.016100000000000059e-01 1.675000000000000100e-02 2.027999999999999942e-02 7.813000000000000500e-02 8.000000000000000167e-02 1.100000000000000006e-01 5.000000000000000000e+01
2.867700000000000249e-01 1.496999999999999997e-01 4.109999999999999765e-02 1.342099999999999960e-01 1.932500000000000051e-01 1.410500000000000087e-01 1.913199999999999901e-01 9.769999999999999518e-02 1.502999999999999892e-01 2.450299999999999978e-01 2.255000000000000060e-01 2.200000000000000011e-01 2.399999999999999911e-01 1.330000000000000000e+02
2.520100000000000118e-01 1.812400000000000122e-01 2.789699999999999958e-01 7.950000000000000469e-03 2.522300000000000098e-01 2.379699999999999871e-01 9.314999999999999669e-02 1.916899999999999993e-01 2.027799999999999880e-01 1.717799999999999883e-01 2.453400000000000025e-01 2.399999999999999911e-01 2.600000000000000089e-01 8.400000000000000000e+01
2.924999999999999822e-01 1.741999999999999937e-01 5.449999999999999983e-02 1.161599999999999994e-01 2.278100000000000125e-01 1.055699999999999972e-01 2.519299999999999873e-01 1.522499999999999964e-01 1.998699999999999921e-01 6.212999999999999773e-02 8.969000000000000583e-02 8.999999999999999667e-02 1.199999999999999956e-01 3.900000000000000000e+01
2.139800000000000035e-01 2.046199999999999963e-01 6.001000000000000084e-02 2.657999999999999946e-02 2.986800000000000010e-01 9.840000000000000135e-02 2.614999999999999963e-02 2.121300000000000130e-01 3.456000000000000044e-02 1.469300000000000050e-01 1.359799999999999898e-01 1.400000000000000133e-01 1.499999999999999944e-01 4.000000000000000000e+01
2.767999999999999974e-02 2.582999999999999879e-02 1.836599999999999899e-01 2.615600000000000147e-01 1.167799999999999949e-01 1.332500000000000073e-01 9.927999999999999325e-02 5.571999999999999870e-02 2.741500000000000048e-01 2.980300000000000171e-01 1.302200000000000024e-01 1.300000000000000044e-01 1.499999999999999944e-01 8.800000000000000000e+01
2.852999999999999980e-01 1.174899999999999972e-01 2.194200000000000039e-01 2.688699999999999979e-01 1.140000000000000041e-01 1.595100000000000129e-01 1.846000000000000071e-02 2.089900000000000091e-01 1.369499999999999884e-01 5.324999999999999872e-02 1.897399999999999920e-01 1.900000000000000022e-01 2.099999999999999922e-01 1.200000000000000000e+02
2.683900000000000174e-01 1.199599999999999972e-01 2.672100000000000031e-01 1.032600000000000046e-01 8.798999999999999877e-02 1.598499999999999921e-01 2.809999999999999998e-03 2.303600000000000092e-01 1.940900000000000125e-01 1.793700000000000017e-01 4.313000000000000167e-02 5.000000000000000278e-02 8.000000000000000167e-02 4.200000000000000000e+01
1.636199999999999877e-01 1.650600000000000123e-01 1.489399999999999891e-01 7.963000000000000633e-02 1.080799999999999955e-01 2.133500000000000119e-01 1.452700000000000102e-01 1.390599999999999892e-01 2.873700000000000143e-01 2.210699999999999887e-01 8.228000000000000591e-02 8.999999999999999667e-02 1.100000000000000006e-01 4.000000000000000000e+01
6.035000000000000087e-02 1.093299999999999966e-01 1.331600000000000006e-01 1.182499999999999940e-01 5.127999999999999919e-02 3.434000000000000247e-02 2.341000000000000025e-02 1.046600000000000030e-01 2.077799999999999925e-01 2.620500000000000052e-01 1.480100000000000027e-01 1.499999999999999944e-01 1.700000000000000122e-01 1.020000000000000000e+02
2.114199999999999968e-01 2.289999999999999935e-03 2.779200000000000004e-01 1.335699999999999943e-01 1.675599999999999867e-01 2.953100000000000169e-01 1.425099999999999978e-01 2.781799999999999828e-01 2.748499999999999832e-01 1.014999999999999930e-02 2.030800000000000105e-01 1.900000000000000022e-01 2.099999999999999922e-01 1.470000000000000000e+02
2.599799999999999889e-01 1.893499999999999905e-01 1.123500000000000054e-01 2.854700000000000015e-01 8.569000000000000228e-02 8.269999999999999574e-02 9.832000000000000461e-02 7.462000000000000577e-02 1.428999999999999992e-01 1.864800000000000069e-01 2.520100000000000118e-01 2.500000000000000000e-01 2.700000000000000178e-01 1.030000000000000000e+02
1.249099999999999933e-01 1.005000000000000060e-01 2.907600000000000184e-01 2.385599999999999943e-01 2.462199999999999944e-01 2.052499999999999880e-01 1.956100000000000061e-01 2.243600000000000039e-01 5.845000000000000195e-02 1.565799999999999970e-01 1.519199999999999995e-01 1.499999999999999944e-01 1.700000000000000122e-01 1.000000000000000000e+02
1.159499999999999975e-01 2.008500000000000008e-01 2.958799999999999764e-01 2.564600000000000213e-01 6.199000000000000343e-02 1.533700000000000063e-01 1.164300000000000057e-01 5.426999999999999880e-02 1.281000000000000021e-02 6.801000000000000101e-02 9.274999999999999911e-02 1.000000000000000056e-01 1.199999999999999956e-01 8.300000000000000000e+01
1.620000000000000051e-01 1.002500000000000058e-01 1.155800000000000022e-01 2.405799999999999883e-01 1.502999999999999996e-02 2.656800000000000272e-01 1.495700000000000085e-01 4.313999999999999779e-02 6.814000000000000612e-02 8.000000000000000654e-05 2.857000000000000164e-02 4.000000000000000083e-02 7.000000000000000666e-02 3.900000000000000000e+01
9.014999999999999403e-02 1.677700000000000025e-01 2.017500000000000127e-01 4.735999999999999932e-02 2.562300000000000133e-01 2.658300000000000107e-01 1.743800000000000072e-01 2.605299999999999838e-01 1.696100000000000108e-01 1.487100000000000088e-01 2.525000000000000161e-02 2.999999999999999889e-02 5.999999999999999778e-02 4.100000000000000000e+01
1.635999999999999954e-02 2.323300000000000087e-01 1.491699999999999970e-01 5.485999999999999904e-02 1.668800000000000006e-01 1.829000000000000070e-02 1.659000000000000058e-02 2.533199999999999896e-01 1.633300000000000030e-01 2.554100000000000259e-01 1.338399999999999868e-01 1.400000000000000133e-01 1.499999999999999944e-01 3.700000000000000000e+01
1.043199999999999961e-01 2.143299999999999927e-01 1.180199999999999999e-01 1.027600000000000041e-01 8.534999999999999531e-02 2.507900000000000129e-01 3.248000000000000193e-02 2.714599999999999791e-01 3.862999999999999767e-02 2.021999999999999839e-02 1.160100000000000020e-01 1.199999999999999956e-01 1.400000000000000133e-01 4.400000000000000000e+01
2.445299999999999974e-01 1.367599999999999927e-01 8.247999999999999776e-02 2.624799999999999911e-01 2.623599999999999821e-01 2.796699999999999742e-01 3.510000000000000099e-03 2.672200000000000131e-01 5.013999999999999707e-02 2.547099999999999920e-01 1.841899999999999926e-01 1.799999999999999933e-01 1.900000000000000022e-01 8.300000000000000000e+01
1.537000000000000033e-01 1.497000000000000067e-02 9.261999999999999400e-02 5.705999999999999961e-02 1.243100000000000038e-01 2.110599999999999976e-01 1.739999999999999880e-01 2.636000000000000010e-01 5.884000000000000341e-02 1.737700000000000078e-01 5.480999999999999761e-02 5.999999999999999778e-02 8.000000000000000167e-02 5.300000000000000000e+01
2.968000000000000152e-02 3.737000000000000044e-02 1.685699999999999976e-01 5.161999999999999922e-02 1.463000000000000064e-02 2.408200000000000063e-01 2.640799999999999814e-01 1.608000000000000054e-02 2.756199999999999761e-01 5.507999999999999702e-02 2.059499999999999942e-01 1.900000000000000022e-01 2.099999999999999922e-01 1.940000000000000000e+02
2.331499999999999961e-01 1.800000000000000113e-04 1.305800000000000016e-01 2.487699999999999911e-01 2.058399999999999952e-01 2.610999999999999988e-01 1.675699999999999967e-01 1.756800000000000028e-01 1.217400000000000010e-01 2.158899999999999986e-01 2.176400000000000001e-01 2.000000000000000111e-01 2.300000000000000100e-01 1.660000000000000000e+02
1.011299999999999977e-01 3.579000000000000237e-02 1.719499999999999917e-01 1.576899999999999968e-01 2.373000000000000109e-02 2.605199999999999738e-01 7.505000000000000560e-02 2.615100000000000202e-01 2.985800000000000121e-01 2.561899999999999733e-01 1.951799999999999924e-01 1.900000000000000022e-01 2.099999999999999922e-01 1.250000000000000000e+02
1.311999999999999972e-02 1.535499999999999921e-01 1.067300000000000054e-01 2.114199999999999968e-01 7.410999999999999532e-02 6.333999999999999353e-02 1.828299999999999925e-01 8.741999999999999771e-02 1.696300000000000030e-01 2.166899999999999937e-01 1.865900000000000059e-01 1.900000000000000022e-01 2.000000000000000111e-01 7.000000000000000000e+01
2.120199999999999863e-01 2.340599999999999903e-01 4.517999999999999794e-02 2.092299999999999993e-01 2.726199999999999735e-01 2.055999999999999842e-02 8.572000000000000453e-02 1.899999999999999953e-02 4.372000000000000192e-02 5.109999999999999959e-03 9.886999999999999955e-02 1.000000000000000056e-01 1.300000000000000044e-01 4.200000000000000000e+01
2.463999999999999871e-02 3.765000000000000291e-02 1.582099999999999895e-01 2.999499999999999944e-01 6.700000000000000400e-02 1.919599999999999917e-01 2.338999999999999968e-01 2.359400000000000108e-01 5.360000000000000181e-03 6.421999999999999931e-02 2.214599999999999902e-01 2.000000000000000111e-01 2.200000000000000011e-01 3.410000000000000000e+02
2.029799999999999938e-01 6.808999999999999775e-02 2.967299999999999938e-01 2.253799999999999970e-01 6.189999999999999669e-02 1.810299999999999965e-01 6.314999999999999780e-02 3.887000000000000177e-02 2.832999999999999963e-01 1.901500000000000135e-01 1.983499999999999985e-01 1.900000000000000022e-01 2.099999999999999922e-01 1.240000000000000000e+02
1.498599999999999932e-01 2.368300000000000127e-01 2.661100000000000132e-01 9.030000000000000526e-02 1.090200000000000058e-01 1.574599999999999889e-01 2.063099999999999934e-01 2.119999999999999940e-01 9.718999999999999861e-02 9.006000000000000116e-02 1.442100000000000048e-01 1.499999999999999944e-01 1.700000000000000122e-01 4.400000000000000000e+01
8.750000000000000833e-03 1.266799999999999871e-01 1.332800000000000096e-01 7.247000000000000663e-02 2.501700000000000035e-01 2.322500000000000120e-01 2.293199999999999961e-01 1.050699999999999967e-01 5.870000000000000218e-03 9.557999999999999829e-02 9.900000000000000466e-02 1.000000000000000056e-01 1.199999999999999956e-01 5.200000000000000000e+01
9.872000000000000219e-02 2.420499999999999874e-01 1.896100000000000008e-01 1.265999999999999938e-02 4.970999999999999724e-02 2.001000000000000001e-02 2.089999999999999844e-02 1.335099999999999898e-01 2.134800000000000031e-01 1.092000000000000054e-01 5.401999999999999857e-02 5.999999999999999778e-02 8.999999999999999667e-02 4.000000000000000000e+01
2.249700000000000033e-01 1.709400000000000086e-01 1.989799999999999902e-01 9.610000000000000486e-03 9.628000000000000447e-02 7.013999999999999402e-02 5.158000000000000085e-02 2.349700000000000122e-01 1.972299999999999887e-01 2.146999999999999950e-02 1.732599999999999973e-01 1.700000000000000122e-01 2.000000000000000111e-01 5.100000000000000000e+01
2.826000000000000179e-01 9.518999999999999684e-02 8.820999999999999674e-02 8.028000000000000413e-02 2.899100000000000010e-01 2.665399999999999991e-01 6.939999999999999988e-03 8.176999999999999547e-02 1.300000000000000044e-01 2.159800000000000053e-01 2.724699999999999900e-01 2.399999999999999911e-01 2.700000000000000178e-01 7.200000000000000000e+02
2.973600000000000132e-01 2.409999999999999920e-01 1.674200000000000133e-01 2.108599999999999919e-01 3.009999999999999828e-02 2.537599999999999856e-01 2.694199999999999928e-01 7.309000000000000219e-02 2.395899999999999974e-01 2.775199999999999889e-01 2.725099999999999745e-01 2.700000000000000178e-01 2.899999999999999800e-01 7.400000000000000000e+01
2.525299999999999767e-01 1.934500000000000108e-01 1.600999999999999923e-01 2.235999999999999932e-01 8.207000000000000406e-02 7.649999999999999856e-02 4.417999999999999705e-02 1.119000000000000029e-02 1.738000000000000100e-01 2.179200000000000026e-01 1.243000000000000008e-02 2.000000000000000042e-02 5.000000000000000278e-02 9.000000000000000000e+01
1.710099999999999953e-01 2.932799999999999851e-01 3.032999999999999932e-02 2.964800000000000213e-01 1.826399999999999968e-01 2.822600000000000109e-01 2.666999999999999926e-02 1.851099999999999968e-01 2.603599999999999803e-01 1.821399999999999963e-01 2.867199999999999749e-01 2.800000000000000266e-01 3.099999999999999978e-01 4.900000000000000000e+01
1.556500000000000106e-01 2.663800000000000057e-01 1.493500000000000105e-01 4.914999999999999925e-02 8.913000000000000089e-02 2.362799999999999900e-01 1.233800000000000036e-01 8.976000000000000645e-02 2.141000000000000125e-01 1.177600000000000036e-01 1.921200000000000130e-01 1.900000000000000022e-01 2.200000000000000011e-01 4.200000000000000000e+01
3.407000000000000306e-02 2.383599999999999886e-01 1.065500000000000058e-01 2.336699999999999888e-01 2.167199999999999960e-01 2.170799999999999952e-01 2.751600000000000157e-01 4.390999999999999764e-02 6.710000000000000686e-02 2.812600000000000100e-01 1.252500000000000002e-01 1.300000000000000044e-01 1.400000000000000133e-01 3.700000000000000000e+01
1.993800000000000017e-01 1.259800000000000086e-01 1.676999999999999880e-01 1.581599999999999950e-01 1.421600000000000086e-01 1.147900000000000031e-01 2.043600000000000139e-01 2.420499999999999874e-01 2.255099999999999882e-01 2.787600000000000078e-01 2.448400000000000021e-01 2.399999999999999911e-01 2.600000000000000089e-01 1.550000000000000000e+02
4.214999999999999997e-02 7.280000000000000360e-02 2.530999999999999917e-02 8.114000000000000379e-02 1.947299999999999864e-01 2.252599999999999880e-01 2.710999999999999868e-02 1.352800000000000114e-01 2.880400000000000182e-01 2.981599999999999806e-01 2.540799999999999725e-01 2.300000000000000100e-01 2.600000000000000089e-01 5.220000000000000000e+02
1.007600000000000023e-01 1.721799999999999997e-01 5.930000000000000375e-03 2.576499999999999901e-01 7.445999999999999841e-02 2.965400000000000258e-01 1.239600000000000007e-01 2.409300000000000053e-01 4.100000000000000346e-03 5.448999999999999677e-02 5.843000000000000277e-02 7.000000000000000666e-02 8.999999999999999667e-02 4.400000000000000000e+01
2.383899999999999908e-01 6.999999999999999929e-04 1.083699999999999941e-01 9.042999999999999650e-02 7.041000000000000036e-02 7.250000000000000368e-03 2.894200000000000106e-01 2.446599999999999886e-01 1.136999999999999955e-01 2.186700000000000033e-01 2.651600000000000068e-01 1.600000000000000033e-01 1.900000000000000022e-01 7.200000000000000000e+02
9.038000000000000200e-02 5.818000000000000255e-02 6.771000000000000629e-02 1.630199999999999982e-01 1.042600000000000054e-01 9.091000000000000469e-02 1.877300000000000080e-01 1.416100000000000136e-01 2.638400000000000190e-01 7.030000000000000138e-02 8.834999999999999798e-02 8.999999999999999667e-02 1.199999999999999956e-01 4.900000000000000000e+01
9.651999999999999469e-02 2.647399999999999753e-01 1.380200000000000038e-01 8.989999999999999727e-03 2.316100000000000103e-01 4.105000000000000315e-02 5.553999999999999909e-02 1.992500000000000104e-01 2.039700000000000124e-01 9.887999999999999567e-02 1.412799999999999889e-01 1.400000000000000133e-01 1.700000000000000122e-01 4.000000000000000000e+01
1.920699999999999907e-01 1.805299999999999960e-01 1.524099999999999899e-01 3.336000000000000076e-02 5.297000000000000319e-02 2.348200000000000010e-01 1.317300000000000137e-01 1.231899999999999940e-01 8.336999999999999966e-02 1.916499999999999870e-01 5.790000000000000008e-03 2.000000000000000042e-02 4.000000000000000083e-02 1.070000000000000000e+02
1.439900000000000069e-01 2.443700000000000039e-01 3.486999999999999822e-02 2.895199999999999996e-01 5.226999999999999702e-02 2.006000000000000144e-02 5.034999999999999892e-02 2.668099999999999916e-01 8.942999999999999561e-02 2.340299999999999880e-01 9.564999999999999891e-02 1.000000000000000056e-01 1.100000000000000006e-01 3.700000000000000000e+01
2.974399999999999822e-01 2.532999999999999835e-02 1.182799999999999963e-01 1.035800000000000054e-01 4.682000000000000051e-02 1.690599999999999881e-01 9.067999999999999672e-02 1.967599999999999905e-01 1.876500000000000112e-01 2.889399999999999746e-01 5.229999999999999927e-02 5.999999999999999778e-02 8.000000000000000167e-02 5.100000000000000000e+01
3.799999999999999992e-03 1.173799999999999982e-01 1.633499999999999952e-01 5.322000000000000342e-02 3.690999999999999837e-02 1.908999999999999864e-01 2.965499999999999803e-01 2.362299999999999955e-01 8.186999999999999833e-02 1.076700000000000018e-01 2.686799999999999744e-01 2.399999999999999911e-01 2.600000000000000089e-01 7.200000000000000000e+02
1.043499999999999983e-01 1.454799999999999982e-01 1.136299999999999949e-01 2.863700000000000134e-01 1.410700000000000010e-01 1.125599999999999934e-01 2.856600000000000250e-01 9.823999999999999400e-02 2.434600000000000097e-01 3.384000000000000202e-02 2.019600000000000006e-01 2.000000000000000111e-01 2.200000000000000011e-01 8.000000000000000000e+01
1.902800000000000047e-01 1.919500000000000095e-01 2.523500000000000187e-01 1.298100000000000087e-01 1.149300000000000044e-01 1.173600000000000060e-01 2.346199999999999952e-01 2.539299999999999891e-01 9.884999999999999343e-02 2.384999999999999898e-01 1.794000000000000039e-01 1.799999999999999933e-01 1.900000000000000022e-01 4.200000000000000000e+01
1.133300000000000002e-01 1.369799999999999907e-01 1.013099999999999973e-01 2.002299999999999913e-01 2.548099999999999810e-01 8.920000000000000845e-03 2.591600000000000015e-01 1.456300000000000094e-01 3.821999999999999703e-02 1.753300000000000136e-01 2.258999999999999897e-02 2.999999999999999889e-02 5.000000000000000278e-02 3.700000000000000000e+01
5.854000000000000176e-02 9.830000000000000196e-03 1.399799999999999933e-01 7.480000000000000537e-02 1.334299999999999931e-01 2.738000000000000156e-02 1.504099999999999882e-01 1.876599999999999935e-01 2.716799999999999771e-01 2.086000000000000076e-01 2.967000000000000193e-01 2.399999999999999911e-01 2.700000000000000178e-01 7.200000000000000000e+02
6.937999999999999723e-02 5.847000000000000114e-02 2.477900000000000102e-01 2.194200000000000039e-01 2.567300000000000137e-01 3.957000000000000101e-02 1.716499999999999970e-01 3.530000000000000152e-03 8.053000000000000436e-02 1.662700000000000011e-01 1.946599999999999997e-01 1.799999999999999933e-01 2.000000000000000111e-01 1.650000000000000000e+02
7.810999999999999888e-02 1.120999999999999948e-02 1.140400000000000025e-01 2.611299999999999732e-01 2.916199999999999903e-01 1.868700000000000083e-01 2.170300000000000007e-01 6.364999999999999825e-02 1.779699999999999893e-01 2.428200000000000081e-01 2.165400000000000102e-01 1.900000000000000022e-01 2.200000000000000011e-01 3.140000000000000000e+02
1.102400000000000047e-01 2.591899999999999760e-01 1.928400000000000114e-01 1.348900000000000099e-01 2.327500000000000124e-01 7.295000000000000095e-02 2.562599999999999878e-01 2.006400000000000128e-01 2.514000000000000123e-01 6.801999999999999713e-02 8.258999999999999675e-02 8.999999999999999667e-02 1.199999999999999956e-01 3.900000000000000000e+01
7.305000000000000382e-02 2.282200000000000062e-01 9.726999999999999535e-02 4.598000000000000004e-02 1.934299999999999908e-01 1.993000000000000049e-01 4.868000000000000105e-02 2.618900000000000117e-01 1.136599999999999971e-01 1.643900000000000083e-01 9.064999999999999447e-02 1.000000000000000056e-01 1.100000000000000006e-01 3.700000000000000000e+01
2.126099999999999934e-01 3.257000000000000173e-02 1.728500000000000036e-01 2.129000000000000059e-01 4.610000000000000209e-02 2.758099999999999996e-01 1.436800000000000022e-01 7.149999999999999412e-02 1.588700000000000112e-01 1.963900000000000090e-01 1.195100000000000051e-01 1.199999999999999956e-01 1.400000000000000133e-01 1.150000000000000000e+02
2.898200000000000220e-01 2.882799999999999807e-01 2.387100000000000055e-01 4.302999999999999881e-02 2.461999999999999952e-02 9.642000000000000570e-02 1.399600000000000011e-01 2.149999999999999967e-01 2.020999999999999880e-02 1.463200000000000056e-01 2.142600000000000060e-01 2.099999999999999922e-01 2.300000000000000100e-01 1.170000000000000000e+02
3.046000000000000096e-02 2.733099999999999974e-01 2.247999999999999998e-02 8.541999999999999593e-02 6.827999999999999348e-02 4.207000000000000323e-02 2.388399999999999967e-01 1.029999999999999943e-01 3.973999999999999755e-02 2.660100000000000242e-01 1.312399999999999956e-01 1.300000000000000044e-01 1.499999999999999944e-01 3.700000000000000000e+01
1.397899999999999976e-01 1.658199999999999952e-01 1.553100000000000036e-01 1.766000000000000070e-01 2.026900000000000091e-01 1.414400000000000102e-01 1.826099999999999945e-01 2.689000000000000071e-02 1.772600000000000009e-01 4.787000000000000283e-02 2.615000000000000102e-01 2.500000000000000000e-01 2.700000000000000178e-01 1.620000000000000000e+02
4.528999999999999693e-02 2.693800000000000083e-01 4.798999999999999794e-02 1.955000000000000140e-02 2.576800000000000201e-01 4.660000000000000080e-03 2.886400000000000077e-01 2.284400000000000042e-01 1.219900000000000012e-01 2.696000000000000063e-01 1.234999999999999987e-02 2.000000000000000042e-02 4.000000000000000083e-02 3.600000000000000000e+01
2.857199999999999740e-01 9.954999999999999960e-02 2.713900000000000201e-01 7.914999999999999813e-02 1.899800000000000100e-01 2.706000000000000072e-01 1.293600000000000028e-01 2.111300000000000121e-01 1.567699999999999927e-01 1.788000000000000006e-02 1.015100000000000030e-01 1.100000000000000006e-01 1.300000000000000044e-01 4.700000000000000000e+01
1.956600000000000006e-01 6.314000000000000168e-02 1.703000000000000000e-02 2.809800000000000075e-01 8.078000000000000458e-02 1.999599999999999989e-01 9.385000000000000286e-02 1.687700000000000033e-01 1.305000000000000049e-01 2.512099999999999889e-01 1.603700000000000125e-01 1.600000000000000033e-01 1.799999999999999933e-01 1.290000000000000000e+02
1.073899999999999993e-01 2.560000000000000123e-02 9.446000000000000230e-02 9.941999999999999449e-02 2.568599999999999772e-01 1.857699999999999907e-01 2.166299999999999892e-01 1.214900000000000008e-01 2.282099999999999962e-01 3.792999999999999844e-02 2.604000000000000065e-02 2.999999999999999889e-02 7.000000000000000666e-02 4.500000000000000000e+01
4.186999999999999750e-02 2.459899999999999864e-01 1.946700000000000097e-01 1.535600000000000021e-01 2.125799999999999912e-01 2.605000000000000024e-02 8.500000000000000611e-03 2.733900000000000219e-01 2.670000000000000151e-02 7.539999999999999480e-02 1.499600000000000100e-01 1.499999999999999944e-01 1.700000000000000122e-01 5.000000000000000000e+01
1.631199999999999872e-01 8.482000000000000650e-02 7.638999999999999957e-02 6.898999999999999577e-02 1.439999999999999961e-02 1.761300000000000088e-01 2.036999999999999922e-01 2.554299999999999904e-01 8.828999999999999349e-02 2.483400000000000052e-01 9.522999999999999521e-02 1.000000000000000056e-01 1.199999999999999956e-01 4.900000000000000000e+01
2.929100000000000037e-01 2.159000000000000086e-01 1.834099999999999897e-01 2.593099999999999850e-01 1.537399999999999878e-01 1.984499999999999875e-01 1.954100000000000004e-01 4.766999999999999710e-02 8.454000000000000403e-02 6.973999999999999644e-02 2.700000000000000143e-03 2.000000000000000042e-02 5.000000000000000278e-02 4.200000000000000000e+01
7.494000000000000661e-02 1.166399999999999937e-01 8.938999999999999724e-02 2.586300000000000265e-01 1.515400000000000080e-01 5.827999999999999847e-02 4.000000000000000327e-05 2.272500000000000075e-01 1.502000000000000002e-01 2.985099999999999976e-01 1.028499999999999970e-01 1.100000000000000006e-01 1.199999999999999956e-01 4.400000000000000000e+01
9.948999999999999511e-02 1.058000000000000086e-02 9.614999999999999936e-02 1.587300000000000100e-01 3.903000000000000219e-02 3.516999999999999987e-02 2.365800000000000125e-01 1.456699999999999939e-01 1.372800000000000131e-01 1.545300000000000007e-01 2.884000000000000105e-02 4.000000000000000083e-02 5.999999999999999778e-02 5.000000000000000000e+01
1.751399999999999901e-01 4.843000000000000083e-02 4.091999999999999804e-02 2.983299999999999841e-01 2.985099999999999976e-01 2.450499999999999901e-01 1.833700000000000052e-01 1.591599999999999959e-01 1.758299999999999863e-01 4.910000000000000302e-03 2.767000000000000015e-02 4.000000000000000083e-02 7.000000000000000666e-02 4.100000000000000000e+01
1.707799999999999874e-01 1.251599999999999935e-01 1.744499999999999940e-01 5.419999999999999818e-02 2.233499999999999930e-01 1.574200000000000044e-01 1.176500000000000046e-01 5.265999999999999848e-02 1.772100000000000064e-01 1.302999999999999992e-01 1.709499999999999909e-01 1.700000000000000122e-01 1.900000000000000022e-01 5.800000000000000000e+01
2.077100000000000057e-01 2.051000000000000045e-01 3.057999999999999954e-02 1.024299999999999933e-01 2.027899999999999980e-01 2.360700000000000021e-01 1.345000000000000084e-01 2.351499999999999979e-01 2.304100000000000037e-01 2.502400000000000180e-01 2.410899999999999987e-01 2.399999999999999911e-01 2.600000000000000089e-01 7.300000000000000000e+01
6.468999999999999750e-02 2.298600000000000088e-01 7.606999999999999873e-02 2.449099999999999888e-01 2.041399999999999881e-01 3.687000000000000000e-02 3.980999999999999817e-02 2.144000000000000072e-02 0.000000000000000000e+00 1.203199999999999964e-01 9.010999999999999566e-02 1.000000000000000056e-01 1.100000000000000006e-01 8.000000000000000000e+01
2.804800000000000071e-01 1.049500000000000016e-01 1.082999999999999935e-01 4.513999999999999957e-02 1.498800000000000132e-01 6.922999999999999987e-02 1.541899999999999937e-01 1.586799999999999877e-01 2.994999999999999885e-01 2.964899999999999758e-01 2.764199999999999990e-01 2.600000000000000089e-01 2.800000000000000266e-01 1.880000000000000000e+02
1.433699999999999974e-01 2.295800000000000063e-01 1.417299999999999949e-01 1.311700000000000088e-01 6.292999999999999983e-02 2.022299999999999931e-01 2.550000000000000044e-01 2.268000000000000016e-01 2.330699999999999994e-01 2.389499999999999957e-01 1.815199999999999869e-01 1.799999999999999933e-01 2.000000000000000111e-01 4.500000000000000000e+01
1.806999999999999926e-02 1.819000000000000061e-01 1.484000000000000076e-02 2.314199999999999868e-01 4.805999999999999855e-02 1.642599999999999894e-01 2.385599999999999943e-01 6.217999999999999916e-02 1.094099999999999934e-01 1.879699999999999982e-01 1.820799999999999919e-01 1.799999999999999933e-01 2.000000000000000111e-01 4.400000000000000000e+01
1.856000000000000011e-02 1.349999999999999985e-02 1.735599999999999921e-01 9.400000000000000369e-03 6.467000000000000526e-02 2.732200000000000184e-01 1.975500000000000034e-01 8.046000000000000374e-02 2.620799999999999796e-01 2.890599999999999836e-01 4.766000000000000097e-02 5.000000000000000278e-02 8.000000000000000167e-02 5.500000000000000000e+01
1.267099999999999893e-01 1.223599999999999965e-01 5.575000000000000094e-02 3.946000000000000202e-02 1.098100000000000048e-01 6.567000000000000615e-02 1.139899999999999941e-01 2.790000000000000119e-02 1.522300000000000042e-01 1.297599999999999865e-01 1.509099999999999886e-01 1.499999999999999944e-01 1.799999999999999933e-01 5.400000000000000000e+01
1.835400000000000087e-01 2.332500000000000129e-01 7.284999999999999809e-02 1.530400000000000094e-01 1.018199999999999938e-01 3.020000000000000115e-02 1.231799999999999978e-01 2.196700000000000041e-01 8.383000000000000174e-02 1.553900000000000003e-01 7.642999999999999794e-02 8.000000000000000167e-02 1.000000000000000056e-01 1.200000000000000000e+02
6.494999999999999385e-02 1.544399999999999940e-01 2.913700000000000179e-01 5.267000000000000154e-02 2.480900000000000050e-01 1.395000000000000129e-01 2.962099999999999733e-01 6.536000000000000143e-02 1.788500000000000090e-01 6.199000000000000343e-02 1.026000000000000002e-02 2.000000000000000042e-02 5.999999999999999778e-02 4.000000000000000000e+01
2.989700000000000135e-01 2.070999999999999924e-02 8.548000000000000043e-02 1.307300000000000129e-01 1.743000000000000105e-01 1.482100000000000084e-01 2.971999999999999989e-02 2.276700000000000113e-01 6.471999999999999975e-02 1.243299999999999961e-01 9.883000000000000118e-02 1.000000000000000056e-01 1.199999999999999956e-01 1.190000000000000000e+02
1.465599999999999958e-01 4.309000000000000330e-02 1.111199999999999966e-01 2.522800000000000042e-01 9.110000000000000042e-02 1.693000000000000060e-01 2.720799999999999885e-01 2.071900000000000130e-01 1.409799999999999942e-01 1.339299999999999935e-01 6.033000000000000168e-02 7.000000000000000666e-02 8.999999999999999667e-02 5.100000000000000000e+01
5.032999999999999974e-02 2.144699999999999940e-01 2.827999999999999958e-01 2.997900000000000009e-01 2.733599999999999919e-01 2.479800000000000060e-01 2.074199999999999933e-01 1.670200000000000018e-01 1.534699999999999953e-01 2.492999999999999938e-01 2.410799999999999887e-01 2.399999999999999911e-01 2.600000000000000089e-01 1.040000000000000000e+02
2.436699999999999977e-01 1.125599999999999934e-01 9.443000000000000005e-02 1.651000000000000037e-02 5.138999999999999818e-02 2.990000000000000036e-03 1.955300000000000094e-01 1.762400000000000078e-01 2.710400000000000031e-01 4.499999999999999833e-02 2.906299999999999994e-01 2.399999999999999911e-01 2.600000000000000089e-01 7.200000000000000000e+02
2.754900000000000126e-01 1.187499999999999944e-01 8.765000000000000568e-02 5.337999999999999690e-02 2.412100000000000077e-01 2.791600000000000192e-01 9.700999999999999901e-02 1.795700000000000074e-01 2.455299999999999983e-01 6.782000000000000528e-02 2.896099999999999786e-01 2.600000000000000089e-01 2.899999999999999800e-01 7.090000000000000000e+02
2.628499999999999726e-01 1.413600000000000134e-01 2.705299999999999927e-01 1.525299999999999989e-01 8.697000000000000564e-02 1.223299999999999943e-01 2.979600000000000026e-01 1.179599999999999954e-01 1.558599999999999985e-01 5.407000000000000001e-02 2.804400000000000226e-01 2.500000000000000000e-01 2.600000000000000089e-01 7.200000000000000000e+02
6.162999999999999728e-02 4.336000000000000271e-02 8.540000000000000369e-02 9.922000000000000264e-02 2.081600000000000117e-01 2.318999999999999950e-01 2.851099999999999746e-01 1.840600000000000014e-01 1.558799999999999908e-01 1.651700000000000113e-01 1.296799999999999897e-01 1.300000000000000044e-01 1.499999999999999944e-01 7.500000000000000000e+01
8.409999999999999420e-02 2.648800000000000043e-01 1.340300000000000102e-01 2.703200000000000047e-01 2.223100000000000076e-01 2.732000000000000053e-02 8.439999999999999586e-03 2.382299999999999973e-01 2.626700000000000146e-01 1.349499999999999866e-01 1.229800000000000060e-01 1.300000000000000044e-01 1.499999999999999944e-01 4.000000000000000000e+01
3.606999999999999790e-02 2.711899999999999866e-01 2.545000000000000040e-02 1.678999999999999937e-02 3.792000000000000232e-02 3.116999999999999979e-02 1.634999999999999995e-02 8.913000000000000089e-02 1.181999999999999995e-01 2.429499999999999993e-01 2.779200000000000004e-01 2.800000000000000266e-01 2.999999999999999889e-01 9.800000000000000000e+01
1.872399999999999898e-01 2.422499999999999931e-01 1.073999999999999955e-01 1.875799999999999967e-01 5.376000000000000223e-02 1.209999999999999921e-03 8.000000000000000654e-05 1.446800000000000030e-01 2.406000000000000152e-02 1.828100000000000003e-01 2.539000000000000146e-01 2.500000000000000000e-01 2.700000000000000178e-01 1.120000000000000000e+02
2.753800000000000137e-01 1.738200000000000023e-01 8.361000000000000376e-02 2.914999999999999883e-02 1.422200000000000131e-01 2.973999999999999908e-02 1.110000000000000014e-01 2.470999999999999933e-02 8.536000000000000532e-02 4.954000000000000070e-02 2.171299999999999897e-01 2.099999999999999922e-01 2.300000000000000100e-01 1.130000000000000000e+02
2.376800000000000024e-01 4.495999999999999996e-02 1.899999999999999996e-03 3.026999999999999830e-02 3.921000000000000180e-02 2.298000000000000043e-01 2.006199999999999928e-01 2.609600000000000253e-01 1.244699999999999973e-01 2.241100000000000037e-01 1.311700000000000088e-01 1.300000000000000044e-01 1.499999999999999944e-01 1.370000000000000000e+02
2.138200000000000101e-01 2.921500000000000208e-01 8.770000000000000018e-02 1.355899999999999883e-01 2.340099999999999958e-01 1.091999999999999915e-02 2.079600000000000060e-01 5.886999999999999872e-02 1.311400000000000066e-01 2.048399999999999943e-01 2.256199999999999872e-01 2.300000000000000100e-01 2.399999999999999911e-01 6.300000000000000000e+01
1.244399999999999951e-01 2.314499999999999891e-01 5.032999999999999974e-02 2.201400000000000023e-01 2.533299999999999996e-01 1.784199999999999953e-01 2.880300000000000082e-01 7.449999999999999678e-02 2.883999999999999897e-01 5.498000000000000109e-02 1.296200000000000130e-01 1.300000000000000044e-01 1.600000000000000033e-01 4.100000000000000000e+01
1.939899999999999958e-01 1.151400000000000062e-01 2.917199999999999793e-01 1.015100000000000030e-01 2.989899999999999780e-01 1.175199999999999995e-01 2.068800000000000083e-01 2.619799999999999907e-01 8.454000000000000403e-02 2.332500000000000129e-01 9.710000000000000575e-02 1.000000000000000056e-01 1.199999999999999956e-01 3.700000000000000000e+01
1.531000000000000069e-02 2.428800000000000125e-01 1.250000000000000069e-02 1.858299999999999952e-01 1.939500000000000113e-01 2.109699999999999909e-01 1.369400000000000062e-01 1.658100000000000129e-01 7.570000000000000340e-02 3.609999999999999928e-03 9.428999999999999881e-02 1.000000000000000056e-01 1.300000000000000044e-01 4.000000000000000000e+01
3.912999999999999812e-02 1.618799999999999961e-01 1.668100000000000138e-01 1.110799999999999982e-01 2.348200000000000010e-01 6.990999999999999992e-02 2.761500000000000066e-01 1.597699999999999954e-01 2.807000000000000120e-02 2.423099999999999976e-01 4.834999999999999715e-02 5.000000000000000278e-02 7.000000000000000666e-02 3.700000000000000000e+01
8.600000000000000006e-03 2.300300000000000122e-01 2.640700000000000269e-01 2.275300000000000100e-01 2.120499999999999885e-01 2.670299999999999896e-01 1.011100000000000054e-01 2.870199999999999974e-01 2.222300000000000109e-01 5.881000000000000116e-02 1.887000000000000066e-01 1.900000000000000022e-01 2.099999999999999922e-01 4.400000000000000000e+01
1.245200000000000057e-01 2.305300000000000127e-01 2.947600000000000220e-01 2.602999999999999758e-01 3.665999999999999814e-02 9.572999999999999565e-02 1.286599999999999966e-01 2.623199999999999976e-01 1.278999999999999929e-02 5.159999999999999656e-03 2.001400000000000123e-01 2.000000000000000111e-01 2.200000000000000011e-01 5.100000000000000000e+01
1.544000000000000095e-01 2.324700000000000100e-01 1.091799999999999993e-01 2.505999999999999894e-01 1.716699999999999893e-01 2.971699999999999897e-01 2.245699999999999918e-01 1.295900000000000107e-01 1.632200000000000040e-01 1.743599999999999872e-01 4.322999999999999760e-02 5.000000000000000278e-02 7.000000000000000666e-02 4.600000000000000000e+01
2.094399999999999873e-01 2.716899999999999871e-01 2.724500000000000255e-01 1.804999999999999938e-01 2.733599999999999919e-01 1.981499999999999928e-01 1.388900000000000134e-01 8.544999999999999818e-02 2.699999999999999969e-02 1.755299999999999916e-01 2.313999999999999946e-01 2.300000000000000100e-01 2.500000000000000000e-01 9.300000000000000000e+01
1.869899999999999896e-01 1.982700000000000018e-01 2.530700000000000172e-01 1.180599999999999983e-01 2.203400000000000081e-01 2.255500000000000005e-01 2.290899999999999881e-01 2.453599999999999948e-01 3.318000000000000116e-02 2.595600000000000129e-01 6.839999999999999726e-03 2.000000000000000042e-02 4.000000000000000083e-02 3.600000000000000000e+01
1.372500000000000109e-01 1.095700000000000007e-01 1.365500000000000047e-01 2.838300000000000267e-01 7.489999999999999436e-02 8.563999999999999391e-02 1.946299999999999975e-01 1.476999999999999980e-01 1.697999999999999857e-02 2.053300000000000125e-01 1.102800000000000030e-01 1.100000000000000006e-01 1.300000000000000044e-01 4.400000000000000000e+01
9.687999999999999390e-02 1.828700000000000048e-01 2.514899999999999913e-01 4.843999999999999695e-02 1.006999999999999978e-01 6.274000000000000410e-02 2.851400000000000046e-01 7.194000000000000394e-02 1.677000000000000018e-02 1.856200000000000072e-01 2.466800000000000104e-01 2.399999999999999911e-01 2.500000000000000000e-01 1.590000000000000000e+02
2.745999999999999830e-02 1.295600000000000085e-01 2.769699999999999940e-01 1.637200000000000044e-01 1.828000000000000111e-02 2.859400000000000275e-01 1.750899999999999956e-01 2.069900000000000073e-01 1.783500000000000085e-01 1.121599999999999958e-01 1.778500000000000081e-01 1.799999999999999933e-01 2.000000000000000111e-01 6.200000000000000000e+01
1.487199999999999911e-01 1.800599999999999978e-01 1.601599999999999968e-01 2.624400000000000066e-01 4.699999999999999859e-04 7.865999999999999381e-02 1.338199999999999945e-01 2.584400000000000031e-01 7.503999999999999559e-02 1.605699999999999905e-01 2.030399999999999983e-01 2.000000000000000111e-01 2.200000000000000011e-01 7.500000000000000000e+01
2.726299999999999835e-01 5.548999999999999766e-02 1.197600000000000053e-01 2.683999999999999928e-02 3.497000000000000108e-02 1.244200000000000028e-01 1.058000000000000086e-02 2.435700000000000087e-01 1.117999999999999966e-01 5.401000000000000245e-02 1.084399999999999947e-01 1.100000000000000006e-01 1.300000000000000044e-01 5.300000000000000000e+01
5.270000000000000379e-03 1.667800000000000116e-01 2.060800000000000132e-01 1.100499999999999950e-01 1.698500000000000010e-01 2.629900000000000015e-01 5.699999999999999772e-04 1.016200000000000020e-01 9.242000000000000215e-02 2.336799999999999988e-01 1.332800000000000096e-01 1.400000000000000133e-01 1.499999999999999944e-01 3.700000000000000000e+01
2.072599999999999998e-01 2.521700000000000053e-01 2.585899999999999865e-01 2.586300000000000265e-01 3.463000000000000106e-02 2.556999999999999898e-02 1.622300000000000131e-01 1.161900000000000016e-01 1.684900000000000009e-01 3.749999999999999861e-03 1.317800000000000082e-01 1.300000000000000044e-01 1.600000000000000033e-01 4.200000000000000000e+01
2.831000000000000183e-01 2.217000000000000082e-01 2.093500000000000083e-01 1.728300000000000114e-01 2.355599999999999916e-01 8.737999999999999934e-02 2.692899999999999738e-01 6.932000000000000661e-02 1.354200000000000126e-01 2.146099999999999952e-01 2.643900000000000139e-01 2.600000000000000089e-01 2.700000000000000178e-01 1.060000000000000000e+02
1.294299999999999895e-01 4.182000000000000300e-02 1.272699999999999942e-01 1.779300000000000048e-01 1.442299999999999971e-01 2.852100000000000191e-01 2.419499999999999984e-01 1.407499999999999862e-01 1.722299999999999942e-01 2.412100000000000077e-01 1.240499999999999936e-01 1.199999999999999956e-01 1.400000000000000133e-01 1.260000000000000000e+02
1.198700000000000043e-01 1.004000000000000031e-01 4.832000000000000184e-02 1.153999999999999991e-02 7.001999999999999891e-02 2.425100000000000033e-01 5.720999999999999697e-02 1.165400000000000047e-01 1.231999999999999935e-02 1.425899999999999945e-01 2.681700000000000195e-01 2.500000000000000000e-01 2.800000000000000266e-01 2.000000000000000000e+02
1.042399999999999993e-01 1.578199999999999881e-01 2.672900000000000276e-01 2.069799999999999973e-01 6.049000000000000210e-02 6.053000000000000047e-02 2.750999999999999973e-02 1.855000000000000052e-02 2.646899999999999809e-01 6.779999999999999569e-03 2.389000000000000012e-01 2.300000000000000100e-01 2.500000000000000000e-01 1.280000000000000000e+02
1.489399999999999891e-01 2.851799999999999891e-01 1.506399999999999961e-01 1.851500000000000090e-01 1.173099999999999976e-01 2.173499999999999877e-01 2.087199999999999889e-01 1.889599999999999891e-01 2.082799999999999929e-01 2.112999999999999878e-01 2.191500000000000115e-01 2.200000000000000011e-01 2.399999999999999911e-01 4.500000000000000000e+01
1.670300000000000118e-01 5.292000000000000176e-02 7.005999999999999728e-02 1.035900000000000015e-01 2.549500000000000099e-01 2.149600000000000122e-01 1.325500000000000012e-01 3.794000000000000150e-02 9.876999999999999669e-02 1.321499999999999897e-01 1.434300000000000019e-01 1.400000000000000133e-01 1.600000000000000033e-01 8.500000000000000000e+01
6.436999999999999666e-02 9.851999999999999647e-02 2.891799999999999926e-01 1.622000000000000108e-01 2.521599999999999953e-01 1.797700000000000131e-01 2.809999999999999998e-03 2.046999999999999861e-02 1.085699999999999998e-01 6.899999999999999667e-04 4.077999999999999681e-02 5.000000000000000278e-02 8.000000000000000167e-02 3.900000000000000000e+01
1.464100000000000124e-01 2.997299999999999964e-01 2.969399999999999817e-01 2.178200000000000136e-01 3.801999999999999824e-02 2.573400000000000132e-01 1.159499999999999975e-01 1.364799999999999902e-01 8.120000000000000481e-03 2.958999999999999964e-01 1.043199999999999961e-01 1.100000000000000006e-01 1.199999999999999956e-01 3.700000000000000000e+01
6.685000000000000664e-02 2.993399999999999950e-01 1.222700000000000037e-01 7.088999999999999468e-02 6.094999999999999724e-02 2.451000000000000123e-01 2.609000000000000208e-01 1.537199999999999955e-01 5.385999999999999815e-02 6.893000000000000516e-02 2.784599999999999853e-01 2.700000000000000178e-01 2.899999999999999800e-01 6.400000000000000000e+01
2.820000000000000024e-03 1.925000000000000044e-01 1.545199999999999907e-01 1.847499999999999976e-01 2.158100000000000018e-01 9.850000000000000422e-02 1.458699999999999997e-01 1.775400000000000034e-01 1.104099999999999943e-01 1.511200000000000043e-01 9.590999999999999526e-02 1.000000000000000056e-01 1.199999999999999956e-01 4.000000000000000000e+01
6.948999999999999622e-02 2.364000000000000129e-02 1.056200000000000055e-01 2.053999999999999923e-02 2.899599999999999955e-01 1.173600000000000060e-01 2.803999999999999826e-01 2.650299999999999878e-01 2.030800000000000105e-01 7.280000000000000013e-03 1.766000000000000070e-01 1.700000000000000122e-01 1.900000000000000022e-01 1.270000000000000000e+02
1.197700000000000015e-01 6.259000000000000674e-02 1.211600000000000038e-01 5.913000000000000200e-02 1.549800000000000066e-01 2.972299999999999942e-01 2.525000000000000161e-02 5.702999999999999736e-02 7.689000000000000001e-02 1.422700000000000076e-01 1.487199999999999911e-01 1.499999999999999944e-01 1.700000000000000122e-01 9.400000000000000000e+01
2.256599999999999995e-01 7.349999999999999589e-02 1.875600000000000045e-01 2.375700000000000034e-01 2.609600000000000253e-01 1.622800000000000076e-01 1.635999999999999954e-01 2.594000000000000195e-01 2.663499999999999757e-01 2.196200000000000097e-01 1.938600000000000045e-01 1.900000000000000022e-01 2.099999999999999922e-01 1.210000000000000000e+02
1.925900000000000112e-01 1.587999999999999828e-02 1.549899999999999889e-01 2.343800000000000050e-01 1.291400000000000048e-01 1.163399999999999990e-01 1.149300000000000044e-01 2.711999999999999966e-01 2.329700000000000104e-01 1.144700000000000023e-01 1.016200000000000020e-01 1.000000000000000056e-01 1.300000000000000044e-01 5.700000000000000000e+01
1.401499999999999968e-01 2.290999999999999981e-01 2.726999999999999980e-01 8.161999999999999811e-02 2.329299999999999982e-01 1.565600000000000047e-01 2.796199999999999797e-01 9.669999999999999776e-03 3.914999999999999730e-02 1.137800000000000061e-01 5.879999999999999810e-03 2.000000000000000042e-02 4.000000000000000083e-02 3.600000000000000000e+01
5.702000000000000124e-02 2.187399999999999900e-01 2.563500000000000223e-01 2.758300000000000196e-01 7.427999999999999881e-02 5.009999999999999697e-03 2.937500000000000111e-01 1.679700000000000082e-01 1.593600000000000017e-01 9.629000000000000059e-02 2.629500000000000171e-01 2.600000000000000089e-01 2.700000000000000178e-01 8.900000000000000000e+01
1.968399999999999872e-01 5.199999999999999761e-02 2.259299999999999919e-01 4.957000000000000295e-02 8.100000000000000255e-02 6.214000000000000079e-02 1.042399999999999993e-01 2.230000000000000038e-01 1.726000000000000034e-01 1.015299999999999953e-01 1.804900000000000115e-01 1.799999999999999933e-01 2.000000000000000111e-01 1.240000000000000000e+02
1.176999999999999921e-02 7.263999999999999624e-02 1.308699999999999863e-01 2.980999999999999761e-01 2.260399999999999909e-01 1.781000000000000083e-01 1.828599999999999948e-01 2.244800000000000129e-01 2.826899999999999968e-01 1.553900000000000003e-01 5.376999999999999835e-02 5.999999999999999778e-02 8.999999999999999667e-02 4.400000000000000000e+01
6.607999999999999985e-02 2.873800000000000243e-01 9.184000000000000496e-02 2.123599999999999932e-01 6.669999999999999540e-02 6.076000000000000151e-02 3.241000000000000131e-02 9.909999999999999365e-02 1.379000000000000017e-02 1.227099999999999996e-01 1.339899999999999980e-01 1.400000000000000133e-01 1.600000000000000033e-01 7.900000000000000000e+01
4.891999999999999821e-02 3.717000000000000165e-02 1.195500000000000035e-01 4.929000000000000048e-02 1.416300000000000059e-01 2.034100000000000075e-01 3.310000000000000008e-03 2.381699999999999928e-01 2.056699999999999917e-01 2.818100000000000049e-01 2.274999999999999939e-02 2.999999999999999889e-02 5.000000000000000278e-02 4.700000000000000000e+01
1.892999999999999891e-02 1.167099999999999943e-01 8.641999999999999682e-02 2.638800000000000034e-01 2.094399999999999873e-01 2.099000000000000171e-02 2.267000000000000126e-01 2.896299999999999986e-01 3.327999999999999708e-02 3.148000000000000104e-02 6.897000000000000353e-02 7.000000000000000666e-02 1.000000000000000056e-01 4.300000000000000000e+01
4.159999999999999636e-03 2.758499999999999841e-01 2.983700000000000241e-01 2.696600000000000108e-01 2.277599999999999902e-01 7.110000000000000001e-03 2.497900000000000120e-01 6.443999999999999728e-02 1.733200000000000018e-01 1.442100000000000048e-01 2.802100000000000146e-01 2.700000000000000178e-01 2.999999999999999889e-01 5.500000000000000000e+01
2.469500000000000028e-01 7.212000000000000355e-02 1.212099999999999983e-01 1.904500000000000082e-01 2.587400000000000255e-01 1.733500000000000041e-01 8.597000000000000475e-02 1.321700000000000097e-01 1.741800000000000015e-01 2.244099999999999984e-01 7.380000000000000449e-02 8.000000000000000167e-02 1.000000000000000056e-01 4.600000000000000000e+01
