1.540999999999999870e-01 2.688699999999999979e-01 4.488999999999999935e-02 2.616100000000000092e-01 2.023699999999999943e-01 2.382900000000000018e-01 1.349799999999999889e-01 1.553799999999999903e-01 1.606100000000000028e-01 1.418000000000000094e-01 2.053599999999999870e-01 2.099999999999999922e-01 2.300000000000000100e-01 4.500000000000000000e+01
2.729800000000000004e-01 1.244299999999999989e-01 4.179000000000000076e-02 7.817000000000000337e-02 2.241100000000000037e-01 2.392400000000000082e-01 6.673999999999999377e-02 1.963000000000000023e-01 2.145600000000000007e-01 2.607999999999999902e-02 2.315899999999999903e-01 2.200000000000000011e-01 2.399999999999999911e-01 1.390000000000000000e+02
5.043999999999999873e-02 6.024999999999999800e-02 2.045200000000000073e-01 4.288000000000000145e-02 5.342000000000000220e-02 2.821000000000000174e-01 9.508999999999999397e-02 1.861099999999999977e-01 1.900799999999999990e-01 2.079499999999999960e-01 2.625199999999999756e-01 2.399999999999999911e-01 2.700000000000000178e-01 1.650000000000000000e+02
1.377700000000000036e-01 2.242300000000000126e-01 9.273000000000000687e-02 2.236899999999999999e-01 1.389600000000000002e-01 8.057000000000000273e-02 6.862000000000000044e-02 2.092100000000000071e-01 9.952999999999999348e-02 2.589400000000000035e-01 1.306900000000000006e-01 1.300000000000000044e-01 1.499999999999999944e-01 3.700000000000000000e+01
3.223999999999999783e-02 1.862000000000000044e-01 2.286499999999999921e-01 8.697000000000000564e-02 1.349400000000000044e-01 1.053599999999999953e-01 3.445999999999999758e-02 1.313699999999999868e-01 1.381799999999999973e-01 7.907000000000000139e-02 2.985599999999999921e-01 2.899999999999999800e-01 3.099999999999999978e-01 1.740000000000000000e+02
8.376999999999999724e-02 1.813599999999999934e-01 2.973899999999999877e-01 1.437299999999999967e-01 1.630199999999999982e-01 2.551700000000000079e-01 2.291199999999999903e-01 1.493400000000000005e-01 2.905099999999999905e-01 9.385999999999999899e-02 1.277999999999999969e-01 1.300000000000000044e-01 1.600000000000000033e-01 4.000000000000000000e+01
1.626999999999999974e-02 1.760000000000000063e-03 1.917600000000000138e-01 1.857900000000000107e-01 2.718499999999999805e-01 9.464999999999999802e-02 2.355299999999999894e-01 1.521599999999999897e-01 1.511899999999999911e-01 2.180799999999999961e-01 1.378399999999999903e-01 1.300000000000000044e-01 1.499999999999999944e-01 1.260000000000000000e+02
2.882299999999999862e-01 8.859000000000000208e-02 2.238499999999999934e-01 1.364100000000000035e-01 2.834300000000000153e-01 2.981900000000000106e-01 1.258599999999999997e-01 2.955599999999999894e-01 2.260800000000000032e-01 7.130999999999999839e-02 3.790000000000000313e-02 5.000000000000000278e-02 8.000000000000000167e-02 4.000000000000000000e+01
1.786600000000000132e-01 1.970099999999999907e-01 4.188999999999999668e-02 2.218999999999999861e-01 1.996300000000000019e-01 1.429100000000000092e-01 5.945000000000000284e-02 4.111000000000000071e-02 5.428000000000000186e-02 8.998000000000000442e-02 2.026000000000000023e-02 2.999999999999999889e-02 5.999999999999999778e-02 6.700000000000000000e+01
2.192399999999999904e-01 1.298199999999999910e-01 3.469999999999999994e-03 1.332299999999999873e-01 2.620299999999999851e-01 2.974700000000000122e-01 1.455000000000000043e-02 1.505599999999999994e-01 1.209999999999999964e-02 2.420100000000000029e-01 1.703000000000000000e-02 2.999999999999999889e-02 5.000000000000000278e-02 3.600000000000000000e+01
1.260499999999999954e-01 2.402700000000000113e-01 2.617499999999999827e-01 2.307500000000000107e-01 1.506599999999999884e-01 2.044300000000000006e-01 6.990000000000000380e-02 5.022999999999999687e-02 1.728300000000000114e-01 2.508199999999999874e-01 1.781999999999999904e-02 2.999999999999999889e-02 5.000000000000000278e-02 1.110000000000000000e+02
7.460999999999999577e-02 2.033300000000000107e-01 3.045000000000000137e-02 2.322799999999999865e-01 2.490700000000000136e-01 1.298900000000000055e-01 2.247899999999999898e-01 2.003000000000000058e-01 1.505199999999999871e-01 1.859099999999999919e-01 1.412200000000000122e-01 1.400000000000000133e-01 1.600000000000000033e-01 4.000000000000000000e+01
8.744999999999999996e-02 5.340999999999999914e-02 1.993399999999999894e-01 2.743300000000000183e-01 1.113999999999999990e-01 5.741999999999999882e-02 4.703999999999999848e-02 1.239600000000000007e-01 1.170999999999999958e-01 2.272000000000000061e-02 2.769099999999999895e-01 2.500000000000000000e-01 2.800000000000000266e-01 4.140000000000000000e+02
1.706999999999999906e-01 2.156599999999999906e-01 1.676499999999999935e-01 2.476599999999999913e-01 2.822600000000000109e-01 2.492399999999999893e-01 6.180000000000000077e-02 2.071099999999999886e-01 2.666499999999999981e-01 1.787999999999999867e-01 2.133799999999999863e-01 2.099999999999999922e-01 2.399999999999999911e-01 4.600000000000000000e+01
2.383099999999999941e-01 2.833800000000000208e-01 6.801999999999999713e-02 2.781000000000000139e-01 1.816999999999999865e-02 7.610000000000000098e-02 2.326100000000000112e-01 3.679999999999999938e-02 2.852899999999999880e-01 3.710999999999999716e-02 1.206499999999999934e-01 1.199999999999999956e-01 1.499999999999999944e-01 4.100000000000000000e+01
2.251299999999999968e-01 1.173700000000000021e-01 2.596899999999999764e-01 1.524199999999999999e-01 6.857000000000000595e-02 5.260999999999999704e-02 1.286899999999999988e-01 1.160899999999999987e-01 2.902699999999999725e-01 5.420000000000000338e-03 1.092199999999999976e-01 1.100000000000000006e-01 1.400000000000000133e-01 4.500000000000000000e+01
1.670399999999999940e-01 1.847000000000000031e-01 8.473999999999999588e-02 7.424999999999999656e-02 8.923000000000000376e-02 2.016600000000000059e-01 7.403999999999999471e-02 1.072599999999999942e-01 2.718300000000000161e-01 2.631399999999999850e-01 2.768700000000000050e-01 2.700000000000000178e-01 2.899999999999999800e-01 1.220000000000000000e+02
2.950699999999999990e-01 1.229399999999999937e-01 2.771199999999999775e-01 1.719600000000000017e-01 4.848999999999999838e-02 2.799999999999999972e-03 9.360999999999999877e-02 1.000899999999999984e-01 2.703699999999999992e-01 1.801999999999999991e-01 2.811899999999999955e-01 2.700000000000000178e-01 2.899999999999999800e-01 2.450000000000000000e+02
1.514000000000000068e-02 2.771899999999999920e-01 9.236999999999999378e-02 2.236799999999999899e-01 1.087000000000000050e-01 2.471700000000000008e-01 1.357000000000000046e-02 2.224899999999999933e-01 1.880900000000000072e-01 3.679999999999999938e-02 1.812799999999999967e-01 1.799999999999999933e-01 2.099999999999999922e-01 4.400000000000000000e+01
2.179899999999999893e-01 6.600999999999999923e-02 1.171200000000000019e-01 8.210000000000000284e-03 1.260799999999999976e-01 2.971699999999999897e-01 9.192999999999999783e-02 1.264399999999999968e-01 5.142000000000000043e-02 5.566000000000000114e-02 4.911999999999999700e-02 5.999999999999999778e-02 8.999999999999999667e-02 4.800000000000000000e+01
8.033999999999999475e-02 2.075000000000000108e-02 6.880000000000000004e-02 1.331199999999999883e-01 4.490999999999999853e-02 2.950300000000000145e-01 2.209500000000000075e-01 1.685399999999999954e-01 2.343999999999999972e-01 7.219000000000000417e-02 1.051600000000000035e-01 1.100000000000000006e-01 1.300000000000000044e-01 5.800000000000000000e+01
2.953700000000000214e-01 1.048599999999999949e-01 2.957099999999999729e-01 2.838600000000000012e-01 8.050000000000000211e-02 1.497699999999999865e-01 1.025900000000000006e-01 6.642000000000000681e-02 8.565000000000000391e-02 2.110700000000000076e-01 2.904999999999999805e-01 2.700000000000000178e-01 2.899999999999999800e-01 2.470000000000000000e+02
5.335999999999999771e-02 9.402000000000000635e-02 2.373699999999999977e-01 1.282800000000000051e-01 2.075799999999999867e-01 1.470499999999999863e-01 2.521300000000000208e-01 2.796199999999999797e-01 1.535199999999999898e-01 2.151399999999999979e-01 2.927100000000000257e-01 2.300000000000000100e-01 2.500000000000000000e-01 7.200000000000000000e+02
4.991000000000000297e-02 2.748000000000000095e-02 4.651999999999999885e-02 1.643999999999999906e-01 1.851800000000000113e-01 2.363099999999999923e-01 7.836999999999999522e-02 7.052999999999999547e-02 2.765099999999999780e-01 2.495400000000000118e-01 6.636000000000000232e-02 7.000000000000000666e-02 1.000000000000000056e-01 5.100000000000000000e+01
2.322799999999999865e-01 8.272999999999999798e-02 2.144800000000000040e-01 2.229899999999999938e-01 1.814600000000000102e-01 1.647699999999999998e-01 2.170000000000000054e-02 2.299999999999999961e-02 1.159300000000000053e-01 1.769300000000000039e-01 1.770599999999999952e-01 1.700000000000000122e-01 2.000000000000000111e-01 1.050000000000000000e+02
2.234999999999999834e-02 3.302999999999999686e-02 2.460400000000000087e-01 9.453000000000000291e-02 1.547199999999999964e-01 1.475899999999999990e-01 6.993000000000000604e-02 6.593999999999999861e-02 1.667000000000000079e-02 1.500400000000000067e-01 2.430200000000000138e-01 2.200000000000000011e-01 2.500000000000000000e-01 3.600000000000000000e+02
2.717999999999999861e-01 1.144499999999999962e-01 3.670000000000000085e-03 8.365999999999999825e-02 7.489999999999999436e-02 7.660999999999999754e-02 7.564999999999999503e-02 2.549699999999999744e-01 3.651000000000000079e-02 2.448299999999999921e-01 5.577000000000000013e-02 5.999999999999999778e-02 8.000000000000000167e-02 3.700000000000000000e+01
2.200600000000000056e-01 1.950399999999999912e-01 2.748900000000000232e-01 6.740000000000000158e-02 1.713899999999999868e-01 2.968299999999999828e-01 1.892500000000000016e-01 1.674499999999999877e-01 1.169400000000000023e-01 9.397999999999999410e-02 2.649299999999999988e-01 2.600000000000000089e-01 2.800000000000000266e-01 1.210000000000000000e+02
2.504999999999999935e-02 2.672499999999999876e-01 1.108800000000000063e-01 1.350899999999999879e-01 2.211000000000000118e-02 5.224999999999999784e-02 2.276299999999999990e-01 1.660399999999999932e-01 1.634500000000000119e-01 4.372999999999999804e-02 2.336399999999999866e-01 2.300000000000000100e-01 2.500000000000000000e-01 4.900000000000000000e+01
1.635000000000000064e-01 3.552999999999999908e-02 2.269599999999999951e-01 1.272099999999999898e-01 1.755099999999999993e-01 1.545700000000000129e-01 1.550999999999999948e-02 1.159099999999999991e-01 2.769999999999999893e-02 1.981799999999999951e-01 2.326999999999999902e-02 2.999999999999999889e-02 5.000000000000000278e-02 4.600000000000000000e+01
1.079600000000000004e-01 2.419999999999999929e-01 3.633999999999999730e-02 2.400799999999999879e-01 5.655000000000000304e-02 1.286100000000000021e-01 1.306700000000000084e-01 8.917999999999999539e-02 2.482999999999999929e-01 2.233799999999999952e-01 2.844000000000000000e-02 4.000000000000000083e-02 7.000000000000000666e-02 4.000000000000000000e+01
8.257000000000000450e-02 2.775999999999999995e-02 2.257299999999999862e-01 1.542499999999999982e-01 2.531100000000000017e-01 2.738800000000000123e-01 9.059000000000000385e-02 4.349000000000000088e-02 8.608999999999999986e-02 2.895000000000000004e-02 9.611000000000000099e-02 1.000000000000000056e-01 1.199999999999999956e-01 5.500000000000000000e+01
2.551300000000000234e-01 3.150000000000000022e-03 1.470200000000000118e-01 1.545900000000000052e-01 2.742700000000000138e-01 1.629200000000000093e-01 1.331499999999999906e-01 1.316499999999999893e-01 1.037700000000000011e-01 1.889899999999999913e-01 2.487999999999999934e-01 2.200000000000000011e-01 2.500000000000000000e-01 3.220000000000000000e+02
1.435700000000000032e-01 1.556200000000000083e-01 2.089999999999999844e-03 6.482999999999999874e-02 2.395100000000000007e-01 1.566099999999999992e-01 2.793300000000000227e-01 2.339900000000000035e-01 4.905999999999999944e-02 1.472299999999999998e-01 1.503299999999999914e-01 1.499999999999999944e-01 1.700000000000000122e-01 6.100000000000000000e+01
3.110999999999999877e-02 1.058899999999999980e-01 2.238900000000000057e-01 1.257500000000000007e-01 2.337400000000000033e-01 9.324999999999999956e-02 2.002899999999999958e-01 2.560399999999999898e-01 2.401399999999999924e-01 2.418000000000000010e-02 2.136599999999999888e-01 2.099999999999999922e-01 2.200000000000000011e-01 1.310000000000000000e+02
2.849599999999999911e-01 2.671399999999999886e-01 8.838999999999999635e-02 1.873799999999999910e-01 5.458999999999999964e-02 1.063899999999999985e-01 2.092900000000000038e-01 2.818399999999999794e-01 7.130000000000000053e-03 1.115099999999999980e-01 2.002999999999999919e-02 2.999999999999999889e-02 5.000000000000000278e-02 3.600000000000000000e+01
2.512099999999999889e-01 3.735000000000000125e-02 7.197000000000000619e-02 1.947200000000000042e-01 2.073299999999999865e-01 2.735099999999999754e-01 9.365999999999999326e-02 1.922200000000000020e-01 6.949999999999999581e-03 2.513099999999999778e-01 2.310099999999999931e-01 2.000000000000000111e-01 2.300000000000000100e-01 6.390000000000000000e+02
2.038899999999999879e-01 8.741999999999999771e-02 1.399999999999999877e-04 9.771000000000000518e-02 1.541999999999999968e-02 1.443500000000000061e-01 2.050299999999999900e-01 1.493000000000000056e-02 1.889500000000000068e-01 1.592500000000000027e-01 1.539699999999999958e-01 1.499999999999999944e-01 1.700000000000000122e-01 6.100000000000000000e+01
5.578000000000000319e-02 2.516300000000000203e-01 1.824800000000000033e-01 8.505999999999999672e-02 2.767299999999999760e-01 1.628900000000000070e-01 2.900000000000000017e-04 1.730500000000000094e-01 2.893499999999999961e-01 1.452299999999999980e-01 1.651400000000000090e-01 1.700000000000000122e-01 1.900000000000000022e-01 4.000000000000000000e+01
1.900600000000000067e-01 8.072999999999999621e-02 2.382299999999999973e-01 6.422999999999999543e-02 4.859000000000000125e-02 2.340700000000000003e-01 2.913000000000000034e-01 2.666000000000000036e-01 5.174000000000000127e-02 2.475000000000000117e-02 2.480799999999999950e-01 2.300000000000000100e-01 2.500000000000000000e-01 5.650000000000000000e+02
2.729400000000000159e-01 1.822300000000000031e-01 1.459300000000000042e-01 9.944000000000000061e-02 1.254099999999999937e-01 1.022099999999999953e-01 1.852300000000000058e-01 4.476000000000000117e-02 9.131000000000000227e-02 2.202399999999999913e-01 2.338999999999999968e-01 2.300000000000000100e-01 2.500000000000000000e-01 1.310000000000000000e+02
2.793999999999999817e-01 6.678000000000000602e-02 2.221299999999999941e-01 9.067000000000000060e-02 2.020899999999999919e-01 1.875400000000000122e-01 9.891999999999999404e-02 2.721999999999999975e-01 1.268900000000000028e-01 4.404999999999999888e-02 2.395500000000000129e-01 2.200000000000000011e-01 2.500000000000000000e-01 2.330000000000000000e+02
6.740000000000000331e-03 1.112800000000000039e-01 3.912000000000000199e-02 2.574299999999999922e-01 2.392400000000000082e-01 1.140000000000000041e-02 5.723999999999999921e-02 2.867600000000000149e-01 4.442999999999999727e-02 5.899000000000000077e-02 5.288999999999999951e-02 5.999999999999999778e-02 8.999999999999999667e-02 4.200000000000000000e+01
1.383900000000000130e-01 7.734000000000000596e-02 2.211299999999999932e-01 2.784599999999999853e-01 2.354900000000000049e-01 9.403000000000000247e-02 1.666100000000000081e-01 7.230999999999999928e-02 3.268000000000000071e-02 1.670399999999999940e-01 2.483200000000000129e-01 2.200000000000000011e-01 2.500000000000000000e-01 5.220000000000000000e+02
3.499999999999999964e-04 1.890999999999999973e-02 7.585000000000000075e-02 2.449900000000000133e-01 2.228000000000000119e-02 1.948900000000000077e-01 1.943199999999999927e-01 1.466000000000000081e-01 1.156500000000000028e-01 1.849300000000000110e-01 1.599099999999999966e-01 1.499999999999999944e-01 1.700000000000000122e-01 1.360000000000000000e+02
8.183999999999999608e-02 7.861999999999999544e-02 1.638799999999999979e-01 1.402599999999999958e-01 2.833399999999999808e-01 6.814000000000000612e-02 9.139999999999999514e-02 1.148300000000000015e-01 2.777700000000000169e-01 2.693400000000000238e-01 1.352700000000000014e-01 1.400000000000000133e-01 1.600000000000000033e-01 6.300000000000000000e+01
8.701000000000000401e-02 1.631700000000000095e-01 1.892399999999999916e-01 9.073000000000000509e-02 1.839800000000000046e-01 8.290999999999999759e-02 2.906400000000000095e-01 2.926000000000000267e-01 1.185200000000000004e-01 2.045399999999999996e-01 1.240600000000000036e-01 1.300000000000000044e-01 1.400000000000000133e-01 3.700000000000000000e+01
5.890999999999999709e-02 6.109999999999999980e-03 4.513999999999999957e-02 2.053599999999999870e-01 6.963999999999999357e-02 2.117700000000000138e-01 1.987500000000000100e-01 1.963900000000000090e-01 1.591100000000000014e-01 4.093000000000000110e-02 2.015000000000000124e-02 2.999999999999999889e-02 7.000000000000000666e-02 4.500000000000000000e+01
1.615099999999999869e-01 5.763000000000000067e-02 4.084000000000000130e-02 1.068000000000000026e-02 1.983000000000000040e-02 2.472600000000000076e-01 5.881000000000000116e-02 9.110000000000000042e-02 1.104099999999999943e-01 1.279700000000000004e-01 1.043000000000000038e-01 1.100000000000000006e-01 1.300000000000000044e-01 8.200000000000000000e+01
2.965999999999999887e-02 1.791099999999999914e-01 2.459199999999999997e-01 1.205299999999999983e-01 2.397100000000000064e-01 1.138799999999999951e-01 2.168400000000000050e-01 2.651200000000000223e-01 2.241100000000000037e-01 1.308400000000000118e-01 2.081899999999999862e-01 2.099999999999999922e-01 2.300000000000000100e-01 5.800000000000000000e+01
2.800000000000000058e-02 2.515499999999999958e-01 1.270000000000000078e-03 3.953999999999999876e-02 9.248000000000000664e-02 1.183300000000000046e-01 9.625999999999999834e-02 2.419499999999999984e-01 7.875000000000000056e-02 1.595100000000000129e-01 1.604800000000000115e-01 1.600000000000000033e-01 1.799999999999999933e-01 1.110000000000000000e+02
2.571300000000000252e-01 1.515000000000000027e-02 2.463899999999999979e-01 1.380899999999999905e-01 1.210999999999999924e-02 2.046099999999999863e-01 3.651000000000000079e-02 2.524500000000000077e-01 1.000599999999999962e-01 1.076099999999999973e-01 1.808200000000000085e-01 1.700000000000000122e-01 2.000000000000000111e-01 1.240000000000000000e+02
2.322299999999999920e-01 2.018199999999999994e-01 2.943899999999999850e-01 1.879899999999999904e-01 2.343999999999999972e-01 5.091999999999999998e-02 1.823899999999999966e-01 2.365299999999999903e-01 1.914099999999999968e-01 2.325699999999999990e-01 2.217999999999999833e-02 2.999999999999999889e-02 5.000000000000000278e-02 3.700000000000000000e+01
9.134000000000000452e-02 1.255799999999999972e-01 1.654700000000000060e-01 9.353999999999999815e-02 2.006000000000000005e-01 6.170000000000000137e-03 1.331600000000000006e-01 1.613900000000000057e-01 7.005000000000000115e-02 1.684599999999999986e-01 8.493000000000000549e-02 8.999999999999999667e-02 1.000000000000000056e-01 3.700000000000000000e+01
3.117999999999999938e-02 1.507999999999999965e-02 2.659000000000000252e-01 2.230999999999999997e-02 2.794800000000000062e-01 1.782299999999999995e-01 1.359299999999999953e-01 1.742299999999999960e-01 2.036900000000000099e-01 2.596399999999999819e-01 1.329599999999999949e-01 1.300000000000000044e-01 1.499999999999999944e-01 1.120000000000000000e+02
2.326600000000000057e-01 8.877000000000000168e-02 5.260999999999999704e-02 6.700000000000000226e-03 1.122599999999999987e-01 1.101000000000000069e-02 2.219099999999999961e-01 2.260600000000000109e-01 1.897699999999999942e-01 7.252000000000000113e-02 1.185200000000000004e-01 1.199999999999999956e-01 1.400000000000000133e-01 5.100000000000000000e+01
3.670000000000000345e-02 2.287099999999999966e-01 1.609800000000000120e-01 9.131999999999999840e-02 1.299899999999999944e-01 1.878499999999999892e-01 2.083200000000000052e-01 3.504000000000000170e-02 5.408000000000000307e-02 1.966100000000000070e-01 5.170000000000000116e-03 2.000000000000000042e-02 4.000000000000000083e-02 3.600000000000000000e+01
2.007400000000000018e-01 1.070900000000000046e-01 2.186700000000000033e-01 2.942600000000000215e-01 4.755999999999999811e-02 2.369400000000000117e-01 1.323900000000000077e-01 9.740000000000000047e-02 2.737800000000000233e-01 1.100000000000000006e-01 2.351999999999999924e-01 2.300000000000000100e-01 2.399999999999999911e-01 1.630000000000000000e+02
1.195800000000000057e-01 1.580499999999999960e-01 1.299999999999999940e-03 1.233699999999999936e-01 3.898999999999999688e-02 2.406099999999999905e-01 8.107999999999999929e-02 1.610300000000000065e-01 1.792400000000000104e-01 1.096099999999999991e-01 4.380000000000000213e-03 2.000000000000000042e-02 5.000000000000000278e-02 4.000000000000000000e+01
9.150999999999999412e-02 1.383500000000000008e-01 2.728099999999999969e-01 2.316300000000000026e-01 1.589200000000000057e-01 2.804699999999999971e-01 9.375000000000000000e-02 1.882999999999999952e-02 5.113000000000000184e-02 1.277699999999999947e-01 3.234999999999999681e-02 4.000000000000000083e-02 5.999999999999999778e-02 7.900000000000000000e+01
6.611000000000000210e-02 2.722200000000000175e-01 7.019999999999999851e-02 1.134899999999999937e-01 1.966900000000000037e-01 2.068000000000000116e-01 9.230000000000000357e-03 2.845599999999999796e-01 7.162000000000000310e-02 2.674300000000000010e-01 1.992000000000000021e-02 2.999999999999999889e-02 5.000000000000000278e-02 3.600000000000000000e+01
1.940999999999999948e-01 9.750000000000000333e-02 2.512800000000000034e-01 2.932100000000000262e-01 3.715000000000000246e-02 2.698300000000000143e-01 2.727299999999999724e-01 2.505999999999999894e-01 9.138999999999999901e-02 1.147399999999999948e-01 1.692599999999999938e-01 1.700000000000000122e-01 1.799999999999999933e-01 8.400000000000000000e+01
2.919100000000000028e-01 4.916000000000000231e-02 5.503999999999999865e-02 3.230999999999999844e-02 1.963499999999999968e-01 1.469600000000000073e-01 2.589699999999999780e-01 5.559999999999999665e-02 1.420800000000000118e-01 2.511499999999999844e-01 1.570100000000000107e-01 1.499999999999999944e-01 1.600000000000000033e-01 2.030000000000000000e+02
1.468599999999999905e-01 2.114099999999999868e-01 3.200000000000000067e-02 2.852799999999999780e-01 2.907299999999999884e-01 1.132699999999999957e-01 2.675000000000000155e-01 9.565999999999999504e-02 1.660000000000000087e-01 1.208100000000000007e-01 1.552000000000000046e-01 1.600000000000000033e-01 1.799999999999999933e-01 4.000000000000000000e+01
2.209099999999999953e-01 4.977999999999999786e-02 1.640600000000000114e-01 2.245600000000000096e-01 2.604799999999999893e-01 2.964399999999999813e-01 2.959399999999999809e-01 1.695500000000000063e-01 1.487199999999999911e-01 2.484500000000000042e-01 1.257199999999999984e-01 1.300000000000000044e-01 1.400000000000000133e-01 1.320000000000000000e+02
2.738099999999999978e-01 2.569999999999999802e-03 2.410700000000000065e-01 1.053199999999999970e-01 2.803100000000000036e-01 1.645300000000000096e-01 2.932199999999999807e-01 3.309000000000000136e-02 2.929599999999999982e-01 9.120000000000000329e-02 2.352899999999999991e-01 2.000000000000000111e-01 2.099999999999999922e-01 7.200000000000000000e+02
2.525499999999999967e-01 2.410899999999999987e-01 1.666300000000000003e-01 2.751000000000000112e-01 2.774699999999999944e-01 2.835599999999999787e-01 4.891999999999999821e-02 1.251700000000000035e-01 1.708500000000000019e-01 2.860400000000000165e-01 2.817899999999999849e-01 2.800000000000000266e-01 2.899999999999999800e-01 1.290000000000000000e+02
1.150499999999999995e-01 1.925499999999999989e-01 2.217399999999999927e-01 1.880900000000000072e-01 8.278000000000000635e-02 2.718499999999999805e-01 9.375999999999999612e-02 5.292999999999999788e-02 2.742999999999999883e-01 1.333600000000000063e-01 2.011000000000000010e-01 2.000000000000000111e-01 2.200000000000000011e-01 5.100000000000000000e+01
1.772999999999999923e-02 1.221600000000000047e-01 1.672999999999999834e-02 1.189700000000000063e-01 1.548000000000000070e-02 2.701600000000000112e-01 1.853799999999999892e-01 1.283199999999999896e-01 8.750000000000000833e-03 7.049999999999999843e-03 2.179699999999999971e-01 2.099999999999999922e-01 2.300000000000000100e-01 1.250000000000000000e+02
8.870000000000000107e-02 1.461500000000000021e-01 6.611000000000000210e-02 1.304099999999999981e-01 2.649199999999999888e-01 2.557400000000000229e-01 7.911999999999999589e-02 2.568199999999999927e-01 2.034700000000000120e-01 1.963699999999999890e-01 1.323600000000000054e-01 1.400000000000000133e-01 1.600000000000000033e-01 5.000000000000000000e+01
2.481599999999999917e-01 3.525999999999999968e-02 2.661999999999999922e-01 2.689699999999999869e-01 1.199299999999999949e-01 1.788599999999999912e-01 2.572300000000000142e-01 2.595500000000000029e-01 2.612400000000000277e-01 2.938100000000000156e-01 2.022599999999999953e-01 1.900000000000000022e-01 2.099999999999999922e-01 1.730000000000000000e+02
6.029000000000000331e-02 2.046999999999999861e-02 1.074600000000000000e-01 2.954499999999999904e-01 1.041399999999999965e-01 2.151000000000000134e-01 4.651999999999999885e-02 2.369999999999999885e-02 5.097000000000000142e-02 1.229999999999999982e-01 1.454699999999999882e-01 1.400000000000000133e-01 1.600000000000000033e-01 9.600000000000000000e+01
2.832000000000000142e-02 2.594600000000000239e-01 1.529699999999999949e-01 5.850000000000000165e-03 2.267999999999999877e-02 2.298699999999999910e-01 2.075599999999999945e-01 2.939800000000000191e-01 2.978000000000000091e-01 1.591400000000000037e-01 2.408299999999999885e-01 2.399999999999999911e-01 2.600000000000000089e-01 4.500000000000000000e+01
2.702499999999999902e-01 2.154300000000000104e-01 7.362000000000000488e-02 1.112999999999999927e-02 8.411000000000000421e-02 2.232200000000000017e-01 1.819500000000000006e-01 1.881700000000000039e-01 2.108399999999999996e-01 1.316799999999999915e-01 5.874999999999999667e-02 7.000000000000000666e-02 8.999999999999999667e-02 4.000000000000000000e+01
1.292999999999999983e-01 6.943000000000000560e-02 1.574800000000000089e-01 1.617099999999999926e-01 2.977600000000000247e-01 1.190599999999999992e-01 2.310899999999999899e-01 5.757000000000000312e-02 7.616000000000000547e-02 1.069299999999999973e-01 2.161099999999999965e-01 2.000000000000000111e-01 2.200000000000000011e-01 1.730000000000000000e+02
2.270899999999999863e-01 9.614999999999999936e-02 7.542999999999999705e-02 1.896899999999999975e-01 1.902600000000000124e-01 1.910999999999999852e-02 1.801000000000000101e-01 1.054800000000000043e-01 3.525999999999999968e-02 5.716999999999999860e-02 1.667599999999999916e-01 1.700000000000000122e-01 1.799999999999999933e-01 1.120000000000000000e+02
2.477300000000000058e-01 1.644899999999999973e-01 2.668200000000000016e-01 6.642000000000000681e-02 1.431999999999999940e-01 6.983000000000000318e-02 2.941500000000000226e-01 2.202699999999999936e-01 2.740299999999999958e-01 2.284700000000000064e-01 1.946900000000000019e-01 1.900000000000000022e-01 2.200000000000000011e-01 5.400000000000000000e+01
1.651000000000000037e-02 6.442000000000000504e-02 2.055400000000000005e-01 6.565000000000000002e-02 2.605999999999999983e-02 2.931699999999999862e-01 1.797199999999999909e-01 2.390500000000000125e-01 1.603999999999999870e-01 2.327100000000000002e-01 2.603500000000000258e-01 2.399999999999999911e-01 2.600000000000000089e-01 2.900000000000000000e+02
1.906499999999999861e-01 2.790599999999999747e-01 1.159899999999999959e-01 2.551000000000000142e-02 1.510100000000000053e-01 1.087000000000000050e-01 1.100000000000000066e-03 2.974200000000000177e-01 2.359100000000000086e-01 1.934700000000000031e-01 4.166000000000000258e-02 5.000000000000000278e-02 8.000000000000000167e-02 4.000000000000000000e+01
1.367700000000000027e-01 1.965800000000000047e-01 1.974599999999999966e-01 1.745200000000000085e-01 9.341000000000000691e-02 2.403800000000000103e-01 9.406000000000000472e-02 6.899999999999999667e-04 7.419000000000000594e-02 1.881099999999999994e-01 5.283000000000000196e-02 5.999999999999999778e-02 8.000000000000000167e-02 9.000000000000000000e+01
1.003000000000000003e-01 2.278300000000000047e-01 4.469999999999999668e-02 9.481000000000000538e-02 1.919399999999999995e-01 1.079900000000000027e-01 1.155199999999999977e-01 2.701000000000000068e-01 2.841600000000000237e-01 8.477999999999999425e-02 2.212699999999999945e-01 2.200000000000000011e-01 2.399999999999999911e-01 4.900000000000000000e+01
2.429999999999999868e-03 1.259000000000000119e-01 1.907399999999999929e-01 8.662000000000000255e-02 2.801000000000000156e-01 9.679999999999999369e-03 2.254000000000000101e-02 2.727499999999999925e-01 1.837000000000000022e-01 2.859700000000000020e-01 2.142199999999999938e-01 2.099999999999999922e-01 2.200000000000000011e-01 1.760000000000000000e+02
2.621999999999999886e-01 1.428599999999999870e-01 2.633099999999999885e-01 1.473599999999999910e-01 6.536999999999999755e-02 9.367999999999999938e-02 2.330500000000000071e-01 2.480999999999999872e-01 1.175999999999999962e-01 2.801699999999999746e-01 4.832999999999999796e-02 5.000000000000000278e-02 7.000000000000000666e-02 3.700000000000000000e+01
2.529399999999999982e-01 2.476500000000000090e-01 2.920300000000000118e-01 1.126599999999999963e-01 1.497999999999999887e-01 3.209000000000000047e-02 2.926300000000000012e-01 8.173999999999999322e-02 2.590500000000000025e-01 5.775000000000000272e-02 1.848599999999999965e-01 1.799999999999999933e-01 2.099999999999999922e-01 4.400000000000000000e+01
1.157600000000000018e-01 2.860599999999999810e-01 2.922899999999999943e-01 3.899999999999999994e-02 2.484599999999999864e-01 1.724100000000000077e-01 3.989999999999999623e-03 3.534999999999999948e-02 5.940999999999999753e-02 1.804000000000000048e-01 1.923499999999999932e-01 1.900000000000000022e-01 2.099999999999999922e-01 8.300000000000000000e+01
4.023999999999999799e-02 2.473700000000000065e-01 2.221000000000000058e-02 1.399600000000000011e-01 1.103100000000000053e-01 2.444399999999999906e-01 1.628100000000000103e-01 1.209900000000000003e-01 1.868200000000000138e-01 2.018300000000000094e-01 9.482999999999999763e-02 1.000000000000000056e-01 1.199999999999999956e-01 4.600000000000000000e+01
1.964599999999999957e-01 7.237000000000000377e-02 1.445500000000000118e-01 2.213900000000000035e-01 1.887199999999999989e-01 2.649900000000000033e-01 1.293000000000000052e-02 4.497000000000000303e-02 1.688199999999999978e-01 2.093599999999999905e-01 2.599999999999999772e-04 1.000000000000000021e-02 4.000000000000000083e-02 9.100000000000000000e+01
9.572999999999999565e-02 1.507900000000000074e-01 1.212300000000000044e-01 9.332999999999999630e-02 1.993600000000000094e-01 1.463299999999999879e-01 2.585500000000000020e-01 2.175199999999999911e-01 1.044000000000000067e-01 2.969200000000000172e-01 2.112700000000000133e-01 2.099999999999999922e-01 2.200000000000000011e-01 1.160000000000000000e+02
2.963299999999999823e-01 1.439799999999999969e-01 2.791799999999999837e-01 1.968000000000000027e-01 6.390999999999999459e-02 5.718999999999999778e-02 1.939700000000000035e-01 1.159599999999999936e-01 2.301999999999999880e-02 2.487600000000000089e-01 2.983600000000000141e-01 2.399999999999999911e-01 2.700000000000000178e-01 7.200000000000000000e+02
2.928899999999999837e-01 1.662200000000000066e-01 2.166700000000000015e-01 2.113700000000000023e-01 1.235399999999999970e-01 2.707899999999999752e-01 1.586299999999999932e-01 1.072999999999999995e-02 2.679300000000000015e-01 5.319999999999999729e-02 1.597899999999999876e-01 1.600000000000000033e-01 1.900000000000000022e-01 4.700000000000000000e+01
2.924200000000000133e-01 2.765000000000000235e-01 2.351699999999999902e-01 9.532000000000000195e-02 6.242000000000000326e-02 8.992999999999999605e-02 1.726399999999999879e-01 9.199000000000000232e-02 1.941499999999999893e-01 1.971999999999999864e-01 2.998600000000000154e-01 2.999999999999999889e-01 3.099999999999999978e-01 7.200000000000000000e+01
2.770000000000000240e-01 2.228199999999999903e-01 2.782499999999999973e-01 2.986800000000000010e-01 2.175600000000000034e-01 1.482300000000000006e-01 1.725500000000000089e-01 2.012500000000000122e-01 7.090000000000000469e-02 8.637999999999999845e-02 1.405000000000000138e-01 1.400000000000000133e-01 1.600000000000000033e-01 4.600000000000000000e+01
1.439000000000000001e-02 2.820000000000000024e-03 1.264099999999999946e-01 9.804000000000000214e-02 2.966099999999999848e-01 6.673999999999999377e-02 6.628000000000000558e-02 1.462100000000000066e-01 6.683999999999999664e-02 9.203000000000000069e-02 1.553400000000000059e-01 1.499999999999999944e-01 1.700000000000000122e-01 1.110000000000000000e+02
7.453999999999999515e-02 7.037000000000000199e-02 1.547800000000000009e-01 1.447400000000000075e-01 2.642700000000000049e-01 1.527000000000000024e-01 3.921000000000000180e-02 2.842199999999999727e-01 1.435700000000000032e-01 8.783000000000000529e-02 2.256999999999999978e-02 2.999999999999999889e-02 7.000000000000000666e-02 4.000000000000000000e+01
1.423200000000000021e-01 4.197000000000000036e-02 2.983600000000000141e-01 1.017499999999999932e-01 1.867699999999999916e-01 2.647000000000000047e-02 6.478000000000000425e-02 2.346699999999999897e-01 1.315999999999999982e-02 2.025800000000000101e-01 1.401900000000000091e-01 1.400000000000000133e-01 1.499999999999999944e-01 1.750000000000000000e+02
1.777000000000000107e-02 1.869500000000000051e-01 1.862399999999999889e-01 1.886799999999999866e-01 1.222700000000000037e-01 6.700000000000000226e-04 3.984000000000000041e-02 2.559799999999999853e-01 2.338000000000000078e-01 1.686499999999999944e-01 1.461500000000000021e-01 1.499999999999999944e-01 1.700000000000000122e-01 4.000000000000000000e+01
1.588100000000000067e-01 7.900000000000000121e-04 8.744000000000000383e-02 2.118299999999999905e-01 2.771600000000000175e-01 2.309199999999999864e-01 1.491800000000000070e-01 1.774999999999999842e-02 1.747599999999999987e-01 4.259999999999999898e-02 1.778200000000000058e-01 1.700000000000000122e-01 1.900000000000000022e-01 1.290000000000000000e+02
1.671999999999999875e-02 5.197000000000000230e-02 4.139000000000000318e-02 1.395599999999999896e-01 9.153000000000000025e-02 3.486000000000000210e-02 2.296999999999999875e-01 2.661399999999999877e-01 2.878800000000000248e-01 1.692500000000000115e-01 2.123899999999999955e-01 2.000000000000000111e-01 2.200000000000000011e-01 1.370000000000000000e+02
1.759400000000000130e-01 3.230000000000000232e-02 1.296400000000000052e-01 1.658699999999999897e-01 1.959100000000000008e-01 2.702899999999999747e-01 1.427400000000000058e-01 2.787499999999999978e-01 1.028099999999999986e-01 6.038999999999999924e-02 1.255000000000000004e-01 1.300000000000000044e-01 1.400000000000000133e-01 6.800000000000000000e+01
4.154999999999999666e-02 2.401999999999999968e-02 1.359700000000000075e-01 3.207999999999999741e-02 2.436899999999999900e-01 7.309000000000000219e-02 2.369300000000000017e-01 1.103900000000000020e-01 5.827999999999999847e-02 1.748999999999999860e-02 3.123000000000000081e-02 4.000000000000000083e-02 7.000000000000000666e-02 4.600000000000000000e+01
8.962000000000000521e-02 2.167900000000000105e-01 1.760899999999999965e-01 1.192600000000000049e-01 5.933000000000000079e-02 2.585000000000000075e-01 2.552499999999999769e-01 5.616999999999999771e-02 2.946699999999999875e-01 1.734999999999999876e-01 2.800099999999999811e-01 2.700000000000000178e-01 2.899999999999999800e-01 9.800000000000000000e+01
1.392200000000000104e-01 5.269000000000000072e-02 1.297200000000000020e-01 2.601200000000000179e-01 1.188099999999999989e-01 8.769000000000000405e-02 3.099000000000000019e-02 1.724900000000000044e-01 6.176000000000000240e-02 2.585100000000000176e-01 4.209999999999999853e-02 5.000000000000000278e-02 7.000000000000000666e-02 4.700000000000000000e+01
1.294200000000000073e-01 1.368699999999999917e-01 2.337599999999999956e-01 1.020800000000000041e-01 1.141599999999999976e-01 1.291299999999999948e-01 2.546399999999999775e-01 3.601000000000000034e-02 2.275999999999999968e-01 1.779900000000000093e-01 1.796800000000000064e-01 1.799999999999999933e-01 2.000000000000000111e-01 5.600000000000000000e+01
1.877999999999999947e-01 1.662200000000000066e-01 8.636000000000000620e-02 2.730299999999999949e-01 2.459999999999999964e-01 2.097600000000000020e-01 1.333799999999999986e-01 1.162099999999999939e-01 2.529999999999999957e-02 2.128099999999999992e-01 2.031900000000000095e-01 2.000000000000000111e-01 2.200000000000000011e-01 1.310000000000000000e+02
6.458999999999999464e-02 3.382999999999999896e-02 9.518999999999999684e-02 2.986599999999999810e-01 2.225300000000000056e-01 8.909999999999999518e-03 2.200100000000000111e-01 1.411499999999999977e-01 5.802000000000000213e-02 1.060200000000000031e-01 3.602999999999999953e-02 4.000000000000000083e-02 7.000000000000000666e-02 4.700000000000000000e+01
1.938499999999999945e-01 2.685000000000000164e-01 1.531500000000000083e-01 2.584400000000000031e-01 2.254000000000000101e-02 2.718400000000000261e-01 1.209000000000000005e-02 2.020699999999999996e-01 2.392700000000000105e-01 3.805000000000000049e-02 1.123600000000000015e-01 1.199999999999999956e-01 1.400000000000000133e-01 4.000000000000000000e+01
1.984999999999999959e-02 2.421999999999999847e-02 1.510400000000000076e-01 1.551400000000000001e-01 1.065699999999999981e-01 1.660999999999999976e-02 7.212999999999999967e-02 1.420299999999999896e-01 6.278000000000000247e-02 2.102199999999999902e-01 1.675599999999999867e-01 1.600000000000000033e-01 1.799999999999999933e-01 1.570000000000000000e+02
2.446999999999999870e-02 1.443999999999999971e-02 2.912100000000000244e-01 2.187999999999999945e-01 5.661000000000000060e-02 2.510899999999999799e-01 1.613100000000000089e-01 1.204500000000000015e-01 1.991700000000000137e-01 2.418599999999999917e-01 9.200000000000000278e-04 1.000000000000000021e-02 4.000000000000000083e-02 4.600000000000000000e+01
1.778599999999999903e-01 2.181299999999999906e-01 1.227599999999999941e-01 2.826000000000000040e-02 6.819999999999999674e-02 9.341000000000000691e-02 5.269000000000000072e-02 1.192600000000000049e-01 1.419499999999999929e-01 2.532900000000000151e-01 1.912899999999999878e-01 1.900000000000000022e-01 2.099999999999999922e-01 1.020000000000000000e+02
1.561000000000000061e-02 5.322000000000000342e-02 5.505999999999999783e-02 1.645999999999999894e-02 2.184500000000000053e-01 1.463000000000000134e-01 9.718000000000000249e-02 1.361700000000000133e-01 1.809099999999999875e-01 9.475999999999999701e-02 1.761900000000000133e-01 1.700000000000000122e-01 1.900000000000000022e-01 1.200000000000000000e+02
1.671199999999999908e-01 2.309499999999999886e-01 1.485299999999999954e-01 2.591300000000000270e-01 1.338699999999999890e-01 2.172399999999999887e-01 1.016600000000000004e-01 2.534399999999999986e-01 2.573400000000000132e-01 2.096899999999999875e-01 2.657999999999999807e-01 2.600000000000000089e-01 2.800000000000000266e-01 6.100000000000000000e+01
3.005000000000000032e-02 7.145999999999999575e-02 2.371199999999999974e-01 8.759000000000000119e-02 1.815199999999999869e-01 2.339000000000000107e-02 1.829000000000000070e-01 1.504099999999999882e-01 7.359000000000000263e-02 2.121000000000000107e-01 2.106999999999999984e-01 2.000000000000000111e-01 2.200000000000000011e-01 3.010000000000000000e+02
6.876000000000000167e-02 8.147000000000000075e-02 1.490000000000000005e-03 2.999499999999999944e-01 2.488799999999999901e-01 1.263199999999999878e-01 6.119999999999999572e-03 1.421000000000000041e-01 2.896699999999999831e-01 2.191400000000000015e-01 6.549000000000000654e-02 7.000000000000000666e-02 1.000000000000000056e-01 4.300000000000000000e+01
2.940499999999999781e-01 1.000299999999999939e-01 1.710200000000000053e-01 8.677999999999999603e-02 1.895799999999999985e-01 2.693999999999999728e-01 8.840000000000000635e-03 1.604500000000000093e-01 2.707800000000000207e-01 1.558799999999999908e-01 4.000999999999999696e-02 5.000000000000000278e-02 8.000000000000000167e-02 4.000000000000000000e+01
1.289700000000000013e-01 9.052000000000000324e-02 6.185000000000000220e-02 4.980000000000000052e-03 5.106000000000000122e-02 7.155999999999999861e-02 2.146000000000000130e-01 2.244800000000000129e-01 3.821000000000000091e-02 2.459800000000000042e-01 8.193000000000000282e-02 8.999999999999999667e-02 1.000000000000000056e-01 4.800000000000000000e+01
4.000000000000000083e-02 2.620700000000000252e-01 4.630999999999999700e-02 2.031900000000000095e-01 1.396399999999999864e-01 2.294499999999999873e-01 1.164700000000000041e-01 8.387999999999999623e-02 6.020000000000000177e-03 1.393500000000000016e-01 1.259699999999999986e-01 1.300000000000000044e-01 1.400000000000000133e-01 9.100000000000000000e+01
5.559999999999999665e-02 1.518299999999999927e-01 1.731999999999999859e-02 1.313199999999999923e-01 8.877000000000000168e-02 2.157600000000000073e-01 2.682000000000000009e-02 6.975000000000000644e-02 2.780500000000000194e-01 9.828000000000000624e-02 2.720799999999999885e-01 2.600000000000000089e-01 2.800000000000000266e-01 2.190000000000000000e+02
5.772000000000000047e-02 1.642399999999999971e-01 1.580000000000000024e-03 8.583000000000000351e-02 1.600100000000000133e-01 4.674999999999999989e-02 1.327000000000000124e-01 1.327200000000000046e-01 2.561800000000000188e-01 2.381999999999999951e-01 1.919399999999999995e-01 1.900000000000000022e-01 2.099999999999999922e-01 5.600000000000000000e+01
4.177999999999999770e-02 2.783599999999999963e-01 2.190199999999999925e-01 1.734300000000000008e-01 7.592999999999999750e-02 2.488100000000000034e-01 1.472400000000000098e-01 3.053000000000000158e-02 2.960000000000000131e-02 1.672899999999999943e-01 2.967899999999999983e-01 2.899999999999999800e-01 3.099999999999999978e-01 1.160000000000000000e+02
1.208000000000000046e-02 2.871900000000000008e-01 1.272000000000000075e-01 1.735700000000000021e-01 1.779999999999999985e-02 5.459999999999999576e-03 1.589399999999999979e-01 2.535600000000000076e-01 4.571999999999999675e-02 8.379999999999999949e-02 1.293900000000000050e-01 1.300000000000000044e-01 1.499999999999999944e-01 4.800000000000000000e+01
3.694999999999999674e-02 2.338899999999999868e-01 2.089999999999999844e-03 1.191500000000000059e-01 2.043800000000000061e-01 2.738800000000000123e-01 2.078999999999999945e-02 1.143699999999999994e-01 1.286799999999999888e-01 1.720099999999999962e-01 4.578000000000000125e-02 5.000000000000000278e-02 7.000000000000000666e-02 7.600000000000000000e+01
1.576700000000000046e-01 1.192200000000000065e-01 1.933100000000000096e-01 9.503000000000000336e-02 1.874200000000000033e-01 2.632499999999999840e-01 2.215399999999999869e-01 1.255900000000000072e-01 2.035899999999999932e-01 2.221700000000000064e-01 2.142000000000000154e-02 2.999999999999999889e-02 5.000000000000000278e-02 4.700000000000000000e+01
1.402899999999999980e-01 1.335099999999999898e-01 2.363000000000000100e-01 3.950000000000000039e-02 1.135499999999999982e-01 2.377100000000000046e-01 1.217700000000000032e-01 1.414999999999999938e-02 2.920400000000000218e-01 2.648400000000000198e-01 1.772499999999999909e-01 1.799999999999999933e-01 2.000000000000000111e-01 5.700000000000000000e+01
1.345899999999999874e-01 1.174000000000000044e-01 1.532699999999999896e-01 3.776999999999999802e-02 2.091099999999999903e-01 1.892099999999999893e-01 1.993999999999999939e-01 5.888000000000000178e-02 1.604299999999999893e-01 1.462499999999999911e-01 6.915000000000000313e-02 8.000000000000000167e-02 1.000000000000000056e-01 4.200000000000000000e+01
2.515399999999999858e-01 3.554999999999999827e-02 2.454399999999999915e-01 1.020500000000000018e-01 6.617000000000000659e-02 1.772700000000000109e-01 2.282800000000000107e-01 2.680199999999999805e-01 7.097000000000000530e-02 2.005399999999999960e-01 8.390999999999999848e-02 8.999999999999999667e-02 1.000000000000000056e-01 6.100000000000000000e+01
1.742900000000000005e-01 2.096300000000000108e-01 1.102800000000000030e-01 1.865499999999999936e-01 1.588100000000000067e-01 1.806099999999999928e-01 2.761700000000000266e-01 1.400000000000000029e-02 1.389999999999999960e-03 1.378600000000000103e-01 2.002099999999999991e-01 2.000000000000000111e-01 2.099999999999999922e-01 7.700000000000000000e+01
1.384900000000000020e-01 6.829000000000000348e-02 8.161000000000000199e-02 8.810999999999999388e-02 4.075999999999999762e-02 1.691199999999999926e-01 2.056399999999999895e-01 3.268000000000000071e-02 1.048599999999999949e-01 5.754000000000000087e-02 2.391199999999999992e-01 2.200000000000000011e-01 2.399999999999999911e-01 2.410000000000000000e+02
1.056999999999999953e-02 2.755400000000000071e-01 2.860300000000000065e-01 2.740600000000000258e-01 5.206999999999999823e-02 1.405500000000000083e-01 2.985700000000000021e-01 1.111000000000000043e-01 1.804600000000000093e-01 1.325199999999999989e-01 1.548100000000000032e-01 1.600000000000000033e-01 1.799999999999999933e-01 4.000000000000000000e+01
1.506200000000000039e-01 8.329000000000000292e-02 8.411000000000000421e-02 1.445299999999999918e-01 3.032999999999999932e-02 9.611999999999999711e-02 2.255300000000000082e-01 2.121200000000000030e-01 1.279399999999999982e-01 8.779000000000000692e-02 1.009700000000000042e-01 1.100000000000000006e-01 1.300000000000000044e-01 4.700000000000000000e+01
2.312099999999999989e-01 1.071600000000000052e-01 2.941900000000000071e-01 2.545899999999999830e-01 1.390800000000000092e-01 2.551899999999999724e-01 2.789300000000000113e-01 1.415299999999999891e-01 2.924999999999999822e-01 1.008899999999999936e-01 2.447199999999999931e-01 2.300000000000000100e-01 2.500000000000000000e-01 2.340000000000000000e+02
9.159000000000000474e-02 2.793499999999999872e-01 3.395999999999999713e-02 4.871000000000000330e-02 3.808999999999999886e-02 1.516500000000000070e-01 1.341999999999999964e-02 1.750000000000000036e-03 4.632000000000000006e-02 9.339999999999999691e-02 5.500000000000000028e-02 5.999999999999999778e-02 8.999999999999999667e-02 6.700000000000000000e+01
1.625300000000000078e-01 2.249800000000000133e-01 1.899099999999999955e-01 1.222499999999999976e-01 1.765299999999999925e-01 1.682599999999999929e-01 6.433999999999999442e-02 1.119900000000000062e-01 4.130999999999999950e-02 1.227400000000000019e-01 1.261700000000000044e-01 1.300000000000000044e-01 1.499999999999999944e-01 8.600000000000000000e+01
1.489600000000000091e-01 8.099999999999999561e-04 1.520700000000000107e-01 5.600000000000000117e-02 8.229000000000000203e-02 1.102500000000000008e-01 1.464399999999999868e-01 1.726399999999999879e-01 1.323499999999999954e-01 2.358899999999999886e-01 1.115400000000000003e-01 1.100000000000000006e-01 1.300000000000000044e-01 1.270000000000000000e+02
6.550000000000000266e-02 2.895199999999999996e-01 2.542900000000000160e-01 1.120999999999999948e-02 7.789999999999999702e-02 5.575999999999999707e-02 3.835000000000000214e-02 1.221899999999999931e-01 5.607999999999999791e-02 2.281900000000000039e-01 2.525700000000000167e-01 2.500000000000000000e-01 2.700000000000000178e-01 1.200000000000000000e+02
1.788500000000000090e-01 2.720899999999999985e-01 2.725600000000000245e-01 9.750999999999999945e-02 1.217000000000000026e-02 1.663499999999999979e-01 2.323500000000000010e-01 7.563000000000000278e-02 2.048099999999999921e-01 1.146599999999999980e-01 2.369699999999999862e-01 2.300000000000000100e-01 2.600000000000000089e-01 4.500000000000000000e+01
7.434999999999999942e-02 2.677800000000000180e-01 9.729999999999999760e-02 3.914999999999999730e-02 2.128200000000000092e-01 6.371000000000000274e-02 1.352000000000000077e-02 2.633099999999999885e-01 1.489600000000000091e-01 1.139600000000000057e-01 2.848399999999999821e-01 2.800000000000000266e-01 2.999999999999999889e-01 6.700000000000000000e+01
1.738899999999999890e-01 7.575999999999999401e-02 1.047300000000000036e-01 5.852999999999999869e-02 4.669999999999999672e-03 9.531000000000000583e-02 1.032900000000000068e-01 1.618400000000000116e-01 1.060200000000000031e-01 1.177799999999999958e-01 4.941000000000000253e-02 5.999999999999999778e-02 8.000000000000000167e-02 4.600000000000000000e+01
1.759900000000000075e-01 5.657000000000000223e-02 1.651100000000000068e-01 1.663399999999999879e-01 1.695000000000000118e-01 1.633499999999999952e-01 3.645000000000000323e-02 1.864599999999999869e-01 8.520999999999999408e-02 2.795799999999999952e-01 1.197499999999999953e-01 1.199999999999999956e-01 1.300000000000000044e-01 1.570000000000000000e+02
9.804999999999999827e-02 2.037999999999999881e-02 2.723900000000000210e-01 1.043099999999999999e-01 2.424000000000000044e-01 5.979000000000000287e-02 2.916900000000000048e-01 1.362899999999999945e-01 1.948600000000000054e-01 2.353300000000000114e-01 4.800999999999999712e-02 5.000000000000000278e-02 7.000000000000000666e-02 5.300000000000000000e+01
2.610899999999999888e-01 6.471999999999999975e-02 1.219200000000000006e-01 1.894000000000000128e-01 2.782600000000000073e-01 1.208899999999999975e-01 1.772600000000000009e-01 4.447000000000000258e-02 2.614000000000000212e-01 9.743000000000000271e-02 2.035399999999999987e-01 2.000000000000000111e-01 2.099999999999999922e-01 1.360000000000000000e+02
2.921099999999999808e-01 1.550400000000000111e-01 2.373000000000000109e-02 1.964899999999999980e-01 2.575899999999999856e-01 1.883599999999999997e-01 9.128000000000000003e-02 2.446699999999999986e-01 2.916500000000000203e-01 2.712800000000000211e-01 2.752999999999999892e-02 4.000000000000000083e-02 5.999999999999999778e-02 4.100000000000000000e+01
1.493099999999999983e-01 6.522000000000000020e-02 9.414999999999999758e-02 2.274400000000000033e-01 1.936499999999999888e-01 1.111000000000000008e-02 6.490999999999999548e-02 1.371900000000000064e-01 2.106200000000000017e-01 8.255999999999999450e-02 2.978899999999999881e-01 2.399999999999999911e-01 2.700000000000000178e-01 7.200000000000000000e+02
1.026000000000000002e-02 1.727400000000000047e-01 2.058200000000000029e-01 1.970999999999999974e-01 9.382000000000000062e-02 1.770299999999999929e-01 2.160000000000000114e-02 2.851199999999999846e-01 2.912399999999999989e-01 2.675100000000000255e-01 2.971000000000000030e-02 4.000000000000000083e-02 7.000000000000000666e-02 4.000000000000000000e+01
1.270600000000000063e-01 4.553000000000000103e-02 2.513699999999999823e-01 1.785700000000000065e-01 1.192899999999999933e-01 1.368499999999999994e-01 2.929000000000000006e-02 3.864000000000000073e-02 2.999299999999999744e-01 2.137999999999999901e-01 2.513500000000000179e-01 2.300000000000000100e-01 2.600000000000000089e-01 2.290000000000000000e+02
1.838299999999999934e-01 2.538199999999999901e-01 1.167300000000000004e-01 1.952999999999999875e-02 3.876000000000000278e-02 6.415999999999999481e-02 1.523500000000000132e-01 2.564000000000000168e-01 1.100099999999999967e-01 5.047000000000000097e-02 2.263799999999999979e-01 2.200000000000000011e-01 2.500000000000000000e-01 4.800000000000000000e+01
2.624099999999999766e-01 2.225699999999999901e-01 2.144399999999999917e-01 1.680200000000000027e-01 2.043899999999999884e-01 1.559899999999999898e-01 8.161000000000000199e-02 2.385599999999999943e-01 2.092199999999999893e-01 2.538599999999999746e-01 1.471500000000000030e-01 1.499999999999999944e-01 1.700000000000000122e-01 1.120000000000000000e+02
1.310300000000000076e-01 1.319999999999999993e-02 2.714199999999999946e-01 2.902399999999999980e-01 6.625000000000000333e-02 9.633999999999999508e-02 1.241499999999999965e-01 2.485400000000000109e-01 2.868499999999999939e-01 2.986099999999999866e-01 3.880000000000000115e-02 5.000000000000000278e-02 7.000000000000000666e-02 5.200000000000000000e+01
2.718599999999999905e-01 1.836599999999999899e-01 2.911000000000000046e-02 2.250900000000000123e-01 2.513999999999999915e-02 9.715999999999999637e-02 2.140199999999999880e-01 2.699999999999999969e-02 1.289899999999999936e-01 2.900800000000000045e-01 5.616000000000000159e-02 5.999999999999999778e-02 8.000000000000000167e-02 3.700000000000000000e+01
4.503000000000000058e-02 1.138799999999999951e-01 1.484199999999999964e-01 2.765400000000000080e-01 2.824200000000000044e-01 1.037200000000000066e-01 6.196999999999999731e-02 2.051600000000000090e-01 2.702999999999999847e-02 2.541700000000000070e-01 1.411900000000000099e-01 1.400000000000000133e-01 1.600000000000000033e-01 5.900000000000000000e+01
2.512800000000000034e-01 9.418999999999999595e-02 1.219599999999999990e-01 2.956599999999999784e-01 2.550000000000000044e-01 2.759999999999999867e-03 1.696499999999999952e-01 3.520000000000000212e-02 2.580299999999999816e-01 2.412799999999999945e-01 2.941400000000000126e-01 2.600000000000000089e-01 2.899999999999999800e-01 7.200000000000000000e+02
2.074199999999999933e-01 2.905900000000000150e-01 1.728800000000000059e-01 1.948199999999999932e-01 7.020999999999999464e-02 2.346799999999999997e-01 1.554099999999999926e-01 2.982299999999999951e-01 2.536900000000000266e-01 1.927599999999999869e-01 2.096699999999999953e-01 2.099999999999999922e-01 2.399999999999999911e-01 4.000000000000000000e+01
1.256599999999999939e-01 1.871700000000000030e-01 1.308600000000000041e-01 1.102100000000000024e-01 8.479000000000000425e-02 1.012099999999999944e-01 2.084600000000000064e-01 2.290200000000000014e-01 4.943999999999999784e-02 2.869800000000000129e-01 2.540499999999999980e-01 2.500000000000000000e-01 2.600000000000000089e-01 1.310000000000000000e+02
4.651000000000000273e-02 9.037000000000000588e-02 1.931799999999999906e-01 2.083899999999999919e-01 2.020800000000000096e-01 1.585399999999999865e-01 2.599500000000000144e-01 6.065000000000000252e-02 1.011599999999999999e-01 1.396399999999999864e-01 5.047000000000000097e-02 5.999999999999999778e-02 7.000000000000000666e-02 4.000000000000000000e+01
1.891500000000000126e-01 2.521599999999999953e-01 1.192000000000000004e-02 1.153600000000000042e-01 1.643400000000000138e-01 2.682300000000000240e-01 2.089600000000000068e-01 1.873999999999999971e-02 1.123699999999999977e-01 1.620600000000000096e-01 1.158399999999999985e-01 1.199999999999999956e-01 1.400000000000000133e-01 1.090000000000000000e+02
1.567000000000000060e-01 2.807799999999999740e-01 2.337400000000000033e-01 3.234999999999999681e-02 2.273100000000000120e-01 2.790699999999999847e-01 2.486999999999999975e-02 2.611800000000000233e-01 2.762800000000000256e-01 1.648399999999999865e-01 2.398500000000000076e-01 2.399999999999999911e-01 2.600000000000000089e-01 4.300000000000000000e+01
1.334500000000000131e-01 2.173899999999999999e-01 2.936199999999999921e-01 2.671200000000000241e-01 2.481099999999999972e-01 2.011199999999999932e-01 2.754300000000000082e-01 2.784699999999999953e-01 2.791699999999999737e-01 2.563599999999999768e-01 2.918999999999999928e-01 2.899999999999999800e-01 2.999999999999999889e-01 9.500000000000000000e+01
9.589999999999999566e-03 5.344000000000000139e-02 1.610499999999999987e-01 2.953500000000000014e-01 8.318000000000000393e-02 2.187399999999999900e-01 9.826999999999999624e-02 1.330699999999999938e-01 1.219299999999999967e-01 2.200999999999999832e-02 1.969599999999999962e-01 1.900000000000000022e-01 2.099999999999999922e-01 1.310000000000000000e+02
2.593500000000000250e-01 1.573199999999999876e-01 2.975499999999999812e-01 1.694499999999999895e-01 1.469399999999999873e-01 2.409199999999999953e-01 1.733300000000000118e-01 7.183000000000000496e-02 5.084000000000000324e-02 2.096500000000000030e-01 6.776999999999999691e-02 7.000000000000000666e-02 8.999999999999999667e-02 1.140000000000000000e+02
2.328699999999999937e-01 1.008799999999999975e-01 2.510999999999999899e-01 2.183999999999999830e-02 7.061000000000000609e-02 2.998199999999999754e-01 1.453200000000000047e-01 1.156699999999999950e-01 1.291200000000000125e-01 6.176999999999999852e-02 1.409799999999999942e-01 1.400000000000000133e-01 1.600000000000000033e-01 5.600000000000000000e+01
1.289299999999999891e-01 7.557999999999999441e-02 7.037999999999999812e-02 2.326400000000000134e-01 6.748999999999999444e-02 1.285000000000000031e-02 1.897600000000000120e-01 2.940999999999999864e-02 1.944899999999999962e-01 2.361699999999999910e-01 6.796000000000000651e-02 7.000000000000000666e-02 8.999999999999999667e-02 5.000000000000000000e+01
5.900000000000000296e-04 1.734300000000000008e-01 2.279200000000000115e-01 1.841200000000000059e-01 7.839999999999999747e-03 2.016000000000000084e-02 1.793399999999999994e-01 2.199899999999999911e-01 1.470100000000000018e-01 2.876199999999999868e-01 1.097800000000000026e-01 1.100000000000000006e-01 1.300000000000000044e-01 3.700000000000000000e+01
2.227099999999999913e-01 2.595999999999999974e-01 2.342700000000000060e-01 9.769999999999999518e-02 5.276000000000000134e-02 1.816399999999999959e-01 1.703600000000000114e-01 2.240999999999999936e-01 2.842000000000000082e-02 2.555299999999999794e-01 2.571100000000000052e-01 2.600000000000000089e-01 2.700000000000000178e-01 5.200000000000000000e+01
4.089000000000000273e-02 2.741100000000000203e-01 2.849200000000000066e-01 2.928100000000000147e-01 1.738699999999999968e-01 1.935699999999999921e-01 5.387000000000000122e-02 9.830000000000000196e-03 2.764900000000000135e-01 1.286499999999999866e-01 1.737599999999999978e-01 1.799999999999999933e-01 2.000000000000000111e-01 4.100000000000000000e+01
2.435499999999999887e-01 6.205999999999999711e-02 2.905800000000000050e-01 4.968999999999999806e-02 2.595399999999999929e-01 1.046099999999999947e-01 2.425100000000000033e-01 1.573199999999999876e-01 2.829699999999999993e-01 7.341999999999999915e-02 1.291299999999999948e-01 1.300000000000000044e-01 1.499999999999999944e-01 6.100000000000000000e+01
2.390700000000000047e-01 7.412000000000000532e-02 2.593900000000000095e-01 7.147000000000000575e-02 2.830799999999999983e-01 2.093000000000000069e-02 2.162000000000000033e-02 2.825900000000000079e-01 5.074000000000000038e-02 7.263000000000000012e-02 1.015699999999999936e-01 1.000000000000000056e-01 1.300000000000000044e-01 5.500000000000000000e+01
1.571899999999999964e-01 4.673999999999999683e-02 2.666799999999999726e-01 2.074900000000000078e-01 1.208999999999999936e-01 1.361199999999999910e-01 2.237399999999999944e-01 1.824099999999999888e-01 4.340999999999999720e-02 8.787000000000000366e-02 1.637999999999999873e-02 2.999999999999999889e-02 5.000000000000000278e-02 5.000000000000000000e+01
2.461399999999999977e-01 9.270000000000000462e-02 2.878899999999999793e-01 4.259999999999999898e-02 5.530000000000000193e-02 1.879099999999999937e-01 1.603700000000000125e-01 1.280499999999999972e-01 1.245499999999999940e-01 2.328000000000000069e-01 1.990500000000000047e-01 1.900000000000000022e-01 2.099999999999999922e-01 1.350000000000000000e+02
1.461600000000000121e-01 4.599999999999999922e-03 2.231999999999999956e-02 1.050999999999999990e-01 7.724999999999999922e-02 3.493000000000000271e-02 2.492199999999999971e-01 4.957999999999999907e-02 1.212899999999999950e-01 2.833700000000000108e-01 7.527999999999999969e-02 8.000000000000000167e-02 8.999999999999999667e-02 6.200000000000000000e+01
7.110000000000000001e-03 2.535499999999999976e-01 1.307999999999999996e-01 1.312599999999999878e-01 5.677000000000000102e-02 8.956000000000000072e-02 1.519000000000000072e-01 1.838400000000000034e-01 2.006199999999999928e-01 2.385200000000000098e-01 2.539299999999999891e-01 2.500000000000000000e-01 2.700000000000000178e-01 5.500000000000000000e+01
2.465100000000000069e-01 4.739000000000000157e-02 1.611200000000000132e-01 1.258499999999999897e-01 2.468899999999999983e-01 9.700000000000000289e-02 3.370999999999999691e-02 5.215999999999999803e-02 4.997000000000000053e-02 2.111999999999999988e-02 1.584800000000000098e-01 1.600000000000000033e-01 1.799999999999999933e-01 1.000000000000000000e+02
2.948999999999999885e-02 1.895799999999999985e-01 2.358999999999999986e-02 7.703999999999999737e-02 9.120999999999999941e-02 1.133099999999999941e-01 1.328600000000000059e-01 1.383500000000000008e-01 1.958300000000000041e-01 1.108100000000000057e-01 2.316600000000000048e-01 2.300000000000000100e-01 2.500000000000000000e-01 7.200000000000000000e+01
2.394600000000000062e-01 2.918700000000000183e-01 2.884800000000000142e-01 9.352000000000000590e-02 2.743800000000000128e-01 2.804999999999999855e-02 1.135700000000000043e-01 1.475299999999999945e-01 2.723900000000000210e-01 9.184000000000000496e-02 2.121500000000000052e-01 2.099999999999999922e-01 2.399999999999999911e-01 4.500000000000000000e+01
1.103500000000000036e-01 2.212099999999999900e-01 2.356999999999999929e-01 2.052100000000000035e-01 4.440000000000000197e-02 3.878000000000000197e-02 8.078000000000000458e-02 9.045999999999999874e-02 1.418800000000000061e-01 2.170199999999999907e-01 2.815699999999999870e-01 2.800000000000000266e-01 2.999999999999999889e-01 1.140000000000000000e+02
1.195000000000000055e-02 3.565000000000000113e-02 1.389999999999999916e-02 1.336000000000000035e-02 1.302000000000000102e-01 1.349799999999999889e-01 2.569500000000000117e-01 1.059400000000000064e-01 2.616100000000000092e-01 1.723800000000000054e-01 2.594799999999999884e-01 2.099999999999999922e-01 2.300000000000000100e-01 7.200000000000000000e+02
9.658999999999999531e-02 1.215399999999999953e-01 2.267699999999999994e-01 2.927100000000000257e-01 2.834099999999999953e-01 2.824099999999999944e-01 7.482999999999999374e-02 2.164600000000000135e-01 2.128299999999999914e-01 1.500499999999999889e-01 1.117299999999999960e-01 1.199999999999999956e-01 1.400000000000000133e-01 4.400000000000000000e+01
1.766099999999999892e-01 1.704499999999999904e-01 1.445700000000000041e-01 2.129900000000000126e-01 1.923100000000000087e-01 2.281799999999999939e-01 1.914700000000000013e-01 1.234800000000000064e-01 2.986500000000000266e-01 1.362500000000000100e-01 9.709999999999999881e-03 2.000000000000000042e-02 5.999999999999999778e-02 4.000000000000000000e+01
1.037200000000000066e-01 2.952699999999999769e-01 6.389999999999999847e-03 1.679400000000000059e-01 1.862099999999999866e-01 1.223299999999999943e-01 9.440999999999999392e-02 1.477300000000000002e-01 1.610699999999999910e-01 2.055599999999999927e-01 4.934000000000000191e-02 5.999999999999999778e-02 7.000000000000000666e-02 8.100000000000000000e+01
1.931100000000000039e-01 2.602499999999999813e-01 1.511099999999999943e-01 2.961199999999999943e-01 2.442100000000000104e-01 1.855799999999999950e-01 2.184399999999999953e-01 1.095099999999999962e-01 8.459999999999999465e-02 3.073999999999999996e-02 1.043000000000000038e-01 1.100000000000000006e-01 1.400000000000000133e-01 4.000000000000000000e+01
2.548900000000000055e-01 1.128900000000000042e-01 1.252699999999999925e-01 5.729999999999999850e-03 7.939999999999999142e-03 1.614400000000000002e-01 1.603400000000000103e-01 2.000500000000000056e-01 2.182300000000000073e-01 1.613700000000000134e-01 7.630000000000000671e-02 8.000000000000000167e-02 1.100000000000000006e-01 4.000000000000000000e+01
1.612300000000000122e-01 5.109999999999999959e-02 2.423800000000000121e-01 2.020699999999999996e-01 1.921000000000000138e-02 2.571599999999999997e-01 2.507099999999999884e-01 6.912000000000000088e-02 6.303999999999999881e-02 2.277299999999999880e-01 8.951000000000000623e-02 8.999999999999999667e-02 1.100000000000000006e-01 5.900000000000000000e+01
9.389000000000000123e-02 2.710899999999999976e-01 9.576999999999999402e-02 2.648999999999999966e-02 2.494599999999999873e-01 2.719699999999999895e-01 9.174999999999999822e-02 1.789800000000000002e-01 1.975099999999999911e-01 2.984600000000000031e-01 6.320000000000000097e-03 2.000000000000000042e-02 4.000000000000000083e-02 3.600000000000000000e+01
9.948999999999999511e-02 1.047799999999999981e-01 2.357299999999999951e-01 1.502199999999999924e-01 1.770599999999999952e-01 2.506900000000000239e-01 2.167199999999999960e-01 9.975000000000000533e-02 1.696900000000000075e-01 1.943000000000000005e-01 3.649000000000000160e-02 5.000000000000000278e-02 5.999999999999999778e-02 4.800000000000000000e+01
1.146900000000000003e-01 5.485000000000000292e-02 8.710000000000000728e-03 4.556999999999999940e-02 1.087499999999999994e-01 2.102400000000000102e-01 1.643300000000000038e-01 9.679999999999999716e-02 2.160600000000000021e-01 2.748999999999999777e-01 2.532400000000000206e-01 2.300000000000000100e-01 2.600000000000000089e-01 2.600000000000000000e+02
1.695200000000000040e-01 2.759199999999999986e-01 1.350399999999999934e-01 1.372400000000000009e-01 2.397499999999999909e-01 1.804499999999999993e-01 2.708800000000000097e-01 1.417899999999999994e-01 1.246499999999999969e-01 2.948399999999999910e-01 2.077499999999999902e-01 2.099999999999999922e-01 2.200000000000000011e-01 3.700000000000000000e+01
8.071000000000000396e-02 2.147900000000000087e-01 2.024900000000000033e-01 1.865999999999999950e-02 2.216799999999999882e-01 9.034000000000000363e-02 1.301900000000000002e-01 2.859000000000000083e-02 2.280999999999999972e-01 1.916400000000000048e-01 1.700500000000000067e-01 1.700000000000000122e-01 2.000000000000000111e-01 4.000000000000000000e+01
3.022999999999999993e-02 1.273499999999999910e-01 1.834300000000000097e-01 2.306699999999999862e-01 1.596200000000000119e-01 3.975999999999999673e-02 2.665100000000000247e-01 2.741600000000000148e-01 2.099600000000000077e-01 5.093000000000000305e-02 1.368699999999999917e-01 1.400000000000000133e-01 1.600000000000000033e-01 4.900000000000000000e+01
9.736999999999999822e-02 2.580700000000000216e-01 2.052999999999999964e-02 2.548400000000000110e-01 1.542300000000000060e-01 1.639100000000000001e-01 2.862899999999999889e-01 1.189599999999999963e-01 2.884200000000000097e-01 1.487799999999999956e-01 1.898700000000000110e-01 1.900000000000000022e-01 2.200000000000000011e-01 4.100000000000000000e+01
2.123899999999999955e-01 2.533299999999999996e-01 2.815699999999999870e-01 2.213499999999999912e-01 6.519999999999999754e-03 2.318900000000000128e-01 2.749699999999999922e-01 4.662999999999999784e-02 2.724599999999999800e-01 1.658199999999999952e-01 2.401800000000000046e-01 2.399999999999999911e-01 2.600000000000000089e-01 4.600000000000000000e+01
2.660399999999999987e-01 1.388199999999999990e-01 6.711999999999999911e-02 8.941000000000000336e-02 7.640000000000000090e-03 2.918499999999999983e-01 7.709000000000000574e-02 2.956799999999999984e-01 3.796000000000000069e-02 9.786999999999999866e-02 2.834000000000000061e-02 4.000000000000000083e-02 5.000000000000000278e-02 4.000000000000000000e+01
6.058000000000000190e-02 2.221299999999999941e-01 7.324999999999999567e-02 2.238600000000000034e-01 2.894399999999999751e-01 2.252399999999999958e-01 1.346999999999999864e-01 5.559999999999999665e-02 1.829900000000000138e-01 2.971699999999999897e-01 2.137999999999999901e-01 2.099999999999999922e-01 2.300000000000000100e-01 4.800000000000000000e+01
6.257999999999999674e-02 2.690000000000000030e-02 1.877000000000000057e-01 1.391600000000000059e-01 1.365999999999999992e-01 1.608400000000000107e-01 2.120499999999999885e-01 1.947699999999999987e-01 1.783200000000000063e-01 1.205299999999999983e-01 1.961299999999999988e-01 1.900000000000000022e-01 2.099999999999999922e-01 1.490000000000000000e+02
1.779999999999999898e-03 1.998300000000000076e-01 1.614400000000000002e-01 2.432799999999999963e-01 8.974000000000000032e-02 1.134300000000000030e-01 1.178099999999999981e-01 2.414399999999999880e-01 2.659699999999999842e-01 1.198700000000000043e-01 3.542000000000000010e-02 4.000000000000000083e-02 7.000000000000000666e-02 4.000000000000000000e+01
2.650100000000000233e-01 1.848599999999999965e-01 2.446899999999999908e-01 2.169000000000000095e-01 1.478399999999999992e-01 1.741399999999999892e-01 4.070000000000000007e-02 2.321100000000000108e-01 4.952999999999999764e-02 1.700099999999999945e-01 2.139500000000000013e-01 2.099999999999999922e-01 2.300000000000000100e-01 1.130000000000000000e+02
1.631599999999999995e-01 2.683499999999999774e-01 6.302000000000000657e-02 1.669899999999999995e-01 6.067000000000000171e-02 1.703900000000000137e-01 2.247300000000000131e-01 2.676299999999999790e-01 1.754900000000000071e-01 1.802600000000000036e-01 7.538000000000000256e-02 8.000000000000000167e-02 1.000000000000000056e-01 4.500000000000000000e+01
1.078999999999999924e-02 2.536000000000000060e-02 3.050999999999999893e-02 1.471099999999999908e-01 2.453799999999999870e-01 1.209000000000000005e-02 2.969999999999999862e-01 1.993300000000000072e-01 2.719300000000000050e-01 1.976700000000000124e-01 2.944899999999999740e-01 2.200000000000000011e-01 2.300000000000000100e-01 7.200000000000000000e+02
7.763000000000000456e-02 2.086699999999999944e-01 2.449000000000000066e-01 2.845900000000000096e-01 1.788399999999999990e-01 9.631000000000000671e-02 2.364400000000000113e-01 1.729999999999999984e-03 1.110000000000000014e-01 4.923000000000000292e-02 1.468200000000000061e-01 1.499999999999999944e-01 1.700000000000000122e-01 4.200000000000000000e+01
1.541099999999999970e-01 2.990499999999999825e-01 2.362299999999999955e-01 2.154200000000000004e-01 2.988199999999999745e-01 1.264099999999999946e-01 1.648900000000000088e-01 2.679400000000000115e-01 2.596800000000000219e-01 1.322500000000000064e-01 1.332000000000000024e-02 2.000000000000000042e-02 5.999999999999999778e-02 4.000000000000000000e+01
4.984000000000000236e-02 2.250399999999999900e-01 2.181800000000000128e-01 8.025999999999999801e-02 1.241400000000000003e-01 1.892699999999999938e-01 2.404900000000000093e-01 2.811999999999999916e-02 2.757399999999999851e-01 2.615000000000000102e-01 9.693999999999999839e-02 1.000000000000000056e-01 1.199999999999999956e-01 4.200000000000000000e+01
2.268499999999999961e-01 1.411999999999999922e-01 4.014000000000000207e-02 3.908999999999999975e-02 2.095799999999999885e-01 1.884200000000000041e-01 4.030000000000000249e-02 2.020500000000000074e-01 1.098900000000000016e-01 8.536000000000000532e-02 1.566899999999999959e-01 1.600000000000000033e-01 1.799999999999999933e-01 5.400000000000000000e+01
5.938999999999999835e-02 9.561999999999999666e-02 1.573599999999999999e-01 1.442000000000000053e-02 1.029199999999999976e-01 2.135499999999999898e-01 5.199999999999999544e-04 2.207999999999999963e-01 2.188900000000000012e-01 2.287299999999999889e-01 4.551000000000000184e-02 5.000000000000000278e-02 7.000000000000000666e-02 4.600000000000000000e+01
