1.502300000000000024e-01 1.836599999999999899e-01 2.878499999999999948e-01 1.103500000000000036e-01 1.146299999999999958e-01 1.158799999999999969e-01 1.241400000000000003e-01 2.532400000000000206e-01 6.343000000000000027e-02 2.748800000000000132e-01 1.388900000000000134e-01 1.400000000000000133e-01 1.600000000000000033e-01 3.700000000000000000e+01
1.965099999999999902e-01 8.673999999999999766e-02 2.450400000000000078e-01 1.679499999999999882e-01 1.670000000000000043e-03 1.116299999999999931e-01 1.183400000000000007e-01 8.981999999999999706e-02 1.103699999999999959e-01 1.239299999999999985e-01 7.799999999999999989e-02 8.000000000000000167e-02 1.100000000000000006e-01 4.900000000000000000e+01
1.085499999999999937e-01 1.491399999999999948e-01 9.919000000000000039e-02 2.054499999999999937e-01 4.409999999999999858e-03 2.540499999999999980e-01 2.490300000000000014e-01 1.718200000000000005e-01 1.327099999999999946e-01 1.447499999999999898e-01 2.714400000000000146e-01 2.600000000000000089e-01 2.800000000000000266e-01 1.990000000000000000e+02
7.106999999999999429e-02 2.793100000000000027e-01 1.347399999999999987e-01 1.793700000000000017e-01 8.486000000000000487e-02 3.379000000000000059e-02 1.243699999999999944e-01 7.578999999999999626e-02 1.342000000000000137e-01 2.550700000000000189e-01 1.701600000000000057e-01 1.700000000000000122e-01 1.900000000000000022e-01 3.700000000000000000e+01
1.518200000000000105e-01 1.591799999999999882e-01 2.887500000000000067e-01 2.045399999999999996e-01 1.281799999999999884e-01 2.337299999999999933e-01 1.839399999999999924e-01 3.874999999999999972e-02 5.967000000000000082e-02 4.207999999999999935e-02 5.326999999999999791e-02 5.999999999999999778e-02 8.999999999999999667e-02 4.200000000000000000e+01
1.767199999999999882e-01 1.472700000000000120e-01 2.934100000000000041e-01 2.270099999999999896e-01 1.823700000000000043e-01 1.181500000000000050e-01 2.658099999999999907e-01 2.984600000000000031e-01 2.207399999999999918e-01 2.362100000000000033e-01 1.780200000000000116e-01 1.799999999999999933e-01 2.000000000000000111e-01 6.200000000000000000e+01
1.909500000000000086e-01 4.980000000000000052e-03 1.039700000000000069e-01 2.418099999999999972e-01 2.233400000000000107e-01 1.758000000000000118e-01 5.254000000000000337e-02 1.447000000000000022e-02 2.354600000000000026e-01 1.762199999999999878e-01 2.556800000000000184e-01 2.300000000000000100e-01 2.600000000000000089e-01 4.900000000000000000e+02
5.140999999999999737e-02 8.848000000000000309e-02 1.195200000000000012e-01 2.071399999999999908e-01 2.699099999999999833e-01 1.809999999999999942e-01 2.431399999999999950e-01 5.709000000000000186e-02 2.644400000000000084e-01 2.862000000000000099e-01 2.319299999999999973e-01 2.200000000000000011e-01 2.399999999999999911e-01 1.740000000000000000e+02
1.775200000000000111e-01 2.592200000000000060e-01 1.703500000000000014e-01 1.242499999999999993e-01 9.995999999999999330e-02 2.190999999999999892e-02 2.209299999999999875e-01 2.613300000000000067e-01 5.188000000000000250e-02 1.677099999999999980e-01 4.322999999999999760e-02 5.000000000000000278e-02 7.000000000000000666e-02 3.700000000000000000e+01
1.344700000000000062e-01 7.534000000000000419e-02 6.414000000000000257e-02 1.930900000000000116e-01 1.568999999999999909e-02 5.442000000000000309e-02 9.740000000000000394e-03 1.753599999999999881e-01 1.581000000000000114e-02 1.436600000000000099e-01 2.674799999999999955e-01 2.399999999999999911e-01 2.700000000000000178e-01 3.600000000000000000e+02
4.420000000000000318e-03 1.474699999999999900e-01 1.101400000000000018e-01 2.167199999999999960e-01 2.889200000000000101e-01 1.456000000000000072e-01 1.961700000000000110e-01 2.429699999999999915e-01 2.919499999999999873e-01 1.959100000000000008e-01 1.137100000000000055e-01 1.199999999999999956e-01 1.400000000000000133e-01 4.000000000000000000e+01
1.987200000000000077e-01 1.225699999999999984e-01 1.214299999999999963e-01 2.520899999999999808e-01 2.146099999999999952e-01 7.653999999999999693e-02 8.210000000000000631e-02 1.811599999999999877e-01 7.112999999999999878e-02 2.934100000000000041e-01 2.706000000000000072e-01 2.300000000000000100e-01 2.600000000000000089e-01 7.200000000000000000e+02
1.327099999999999946e-01 2.803399999999999781e-01 5.884999999999999953e-02 9.849999999999999381e-03 1.740500000000000103e-01 2.481599999999999917e-01 2.940300000000000136e-01 1.472499999999999920e-01 1.408899999999999875e-01 9.003999999999999504e-02 1.998300000000000076e-01 2.000000000000000111e-01 2.200000000000000011e-01 4.300000000000000000e+01
2.577400000000000246e-01 2.922399999999999998e-01 1.666499999999999926e-01 9.396000000000000185e-02 1.782799999999999940e-01 1.004000000000000031e-01 1.005199999999999982e-01 1.482799999999999951e-01 2.547999999999999918e-02 1.708199999999999996e-01 9.057999999999999385e-02 1.000000000000000056e-01 1.100000000000000006e-01 1.160000000000000000e+02
2.347299999999999942e-01 1.461000000000000076e-01 4.834000000000000102e-02 5.072000000000000119e-02 1.469399999999999873e-01 2.039999999999999869e-01 2.501800000000000135e-01 1.744100000000000095e-01 2.348500000000000032e-01 2.899700000000000055e-01 7.886999999999999567e-02 8.000000000000000167e-02 1.000000000000000056e-01 3.700000000000000000e+01
1.712400000000000033e-01 1.291899999999999993e-01 9.946000000000000674e-02 2.835199999999999942e-01 2.382599999999999996e-01 2.051600000000000090e-01 1.821599999999999886e-01 2.649599999999999733e-01 5.791999999999999926e-02 2.474899999999999878e-01 1.691499999999999948e-01 1.700000000000000122e-01 1.799999999999999933e-01 7.300000000000000000e+01
1.007099999999999940e-01 5.470000000000000036e-03 1.567999999999999949e-02 2.472300000000000053e-01 4.993000000000000216e-02 2.281199999999999894e-01 2.683800000000000074e-01 2.810199999999999920e-01 2.391600000000000115e-01 3.239999999999999825e-02 2.701399999999999912e-01 2.000000000000000111e-01 2.200000000000000011e-01 7.200000000000000000e+02
1.269599999999999895e-01 1.076499999999999957e-01 1.430000000000000021e-02 2.224700000000000011e-01 2.513299999999999979e-01 1.531599999999999906e-01 2.773700000000000054e-01 1.960000000000000075e-01 1.173600000000000060e-01 8.070000000000000784e-03 1.878599999999999992e-01 1.799999999999999933e-01 2.000000000000000111e-01 1.000000000000000000e+02
1.804300000000000070e-01 2.813999999999999835e-01 2.545499999999999985e-01 2.281900000000000039e-01 2.764800000000000035e-01 2.114099999999999868e-01 2.351100000000000134e-01 7.152000000000000024e-02 2.314499999999999891e-01 1.050000000000000065e-02 1.341100000000000070e-01 1.400000000000000133e-01 1.600000000000000033e-01 4.200000000000000000e+01
8.204999999999999793e-02 9.142999999999999738e-02 1.559999999999999928e-02 2.758300000000000196e-01 2.389600000000000057e-01 7.183000000000000496e-02 2.211400000000000032e-01 2.902000000000000135e-01 2.227099999999999913e-01 1.010400000000000048e-01 1.830799999999999927e-01 1.799999999999999933e-01 2.000000000000000111e-01 9.400000000000000000e+01
2.288699999999999901e-01 2.162000000000000033e-02 6.443000000000000116e-02 2.714500000000000246e-01 1.616299999999999959e-01 6.798999999999999488e-02 2.623300000000000076e-01 1.084699999999999970e-01 1.553100000000000036e-01 7.760000000000000231e-02 5.600999999999999729e-02 5.999999999999999778e-02 8.999999999999999667e-02 4.800000000000000000e+01
4.603000000000000147e-02 1.883400000000000074e-01 1.206099999999999950e-01 7.195000000000000007e-02 2.134399999999999908e-01 1.977299999999999891e-01 2.426399999999999946e-01 2.621299999999999741e-01 1.920900000000000107e-01 2.181700000000000028e-01 1.199100000000000027e-01 1.199999999999999956e-01 1.400000000000000133e-01 4.100000000000000000e+01
2.462799999999999989e-01 5.840999999999999664e-02 2.859200000000000075e-01 1.672599999999999920e-01 2.954899999999999749e-01 2.119000000000000050e-01 1.369700000000000084e-01 2.426099999999999923e-01 2.131299999999999861e-01 5.668999999999999734e-02 2.066300000000000081e-01 2.000000000000000111e-01 2.200000000000000011e-01 1.410000000000000000e+02
2.748499999999999832e-01 1.956299999999999983e-01 2.186500000000000110e-01 1.225600000000000023e-01 1.705899999999999916e-01 6.517000000000000570e-02 1.026699999999999974e-01 2.301499999999999935e-01 2.790799999999999947e-01 1.858200000000000129e-01 1.611899999999999999e-01 1.700000000000000122e-01 1.900000000000000022e-01 4.000000000000000000e+01
2.607900000000000218e-01 8.548999999999999655e-02 2.409600000000000075e-01 1.484699999999999909e-01 2.377700000000000091e-01 2.136699999999999988e-01 3.495999999999999802e-02 3.577999999999999931e-02 4.639999999999999680e-02 2.329799999999999927e-01 2.472000000000000031e-01 2.300000000000000100e-01 2.500000000000000000e-01 2.250000000000000000e+02
3.015999999999999931e-02 2.666399999999999881e-01 1.214500000000000024e-01 1.594999999999999890e-02 1.991799999999999959e-01 2.314900000000000013e-01 9.531000000000000583e-02 2.876699999999999813e-01 2.890000000000000208e-03 1.265999999999999903e-01 1.095300000000000024e-01 1.100000000000000006e-01 1.300000000000000044e-01 3.800000000000000000e+01
2.086899999999999866e-01 1.232400000000000023e-01 4.148000000000000298e-02 2.323000000000000065e-02 2.138100000000000001e-01 1.933600000000000041e-01 5.385999999999999815e-02 7.784000000000000641e-02 1.414600000000000024e-01 1.260999999999999968e-02 2.889499999999999846e-01 2.700000000000000178e-01 2.899999999999999800e-01 3.660000000000000000e+02
2.672999999999999821e-01 2.595500000000000029e-01 2.488400000000000056e-01 2.929499999999999882e-01 2.860500000000000265e-01 1.957299999999999873e-01 1.012099999999999944e-01 1.913199999999999901e-01 6.031999999999999862e-02 2.866400000000000059e-01 3.318999999999999728e-02 4.000000000000000083e-02 5.999999999999999778e-02 3.700000000000000000e+01
2.022100000000000009e-01 1.238699999999999940e-01 2.831799999999999873e-01 2.646999999999999909e-01 1.303799999999999959e-01 2.749699999999999922e-01 1.260999999999999899e-01 1.178000000000000019e-01 2.536399999999999766e-01 7.764000000000000068e-02 2.632499999999999840e-01 2.500000000000000000e-01 2.700000000000000178e-01 1.630000000000000000e+02
2.177099999999999869e-01 1.815499999999999892e-01 2.741000000000000103e-01 1.899200000000000055e-01 1.484499999999999986e-01 1.648000000000000020e-01 1.391300000000000037e-01 9.135999999999999677e-02 2.387400000000000078e-01 4.963999999999999663e-02 1.401699999999999890e-01 1.400000000000000133e-01 1.700000000000000122e-01 4.100000000000000000e+01
2.325999999999999943e-02 1.839000000000000079e-01 1.969899999999999984e-01 2.463100000000000012e-01 2.472999999999999921e-01 2.867000000000000104e-02 1.197399999999999992e-01 1.672299999999999898e-01 6.475000000000000200e-02 1.466099999999999903e-01 1.159999999999999920e-02 2.000000000000000042e-02 4.000000000000000083e-02 3.600000000000000000e+01
1.705500000000000071e-01 2.897999999999999882e-02 1.229999999999999974e-03 8.272000000000000186e-02 2.906400000000000095e-01 2.235000000000000042e-01 2.733999999999999972e-02 4.562999999999999695e-02 1.134899999999999937e-01 1.555799999999999961e-01 2.538000000000000256e-01 2.200000000000000011e-01 2.500000000000000000e-01 7.200000000000000000e+02
2.107400000000000106e-01 1.104699999999999988e-01 6.510000000000000508e-02 1.660699999999999954e-01 9.220000000000000417e-02 1.756099999999999883e-01 1.465100000000000013e-01 2.086800000000000044e-01 6.949999999999999581e-03 2.334600000000000009e-01 2.652399999999999758e-01 2.399999999999999911e-01 2.700000000000000178e-01 5.220000000000000000e+02
2.952000000000000110e-02 1.659000000000000058e-02 3.980999999999999817e-02 4.583999999999999880e-02 2.513099999999999778e-01 9.600000000000000243e-04 1.853100000000000025e-01 1.436800000000000022e-01 1.868200000000000138e-01 2.346199999999999952e-01 1.970999999999999835e-02 2.999999999999999889e-02 5.000000000000000278e-02 4.400000000000000000e+01
1.424499999999999933e-01 1.509699999999999931e-01 2.971400000000000152e-01 2.992299999999999960e-01 5.559999999999999838e-03 2.301600000000000035e-01 2.149300000000000099e-01 2.503699999999999815e-01 2.821600000000000219e-01 2.312500000000000111e-01 2.013000000000000067e-01 2.000000000000000111e-01 2.200000000000000011e-01 6.000000000000000000e+01
7.731999999999999984e-02 2.789000000000000160e-02 1.975999999999999979e-01 1.519600000000000117e-01 7.549000000000000155e-02 2.919800000000000173e-01 1.441999999999999948e-01 8.129000000000000115e-02 2.633300000000000085e-01 1.051399999999999973e-01 1.308999999999999921e-02 2.000000000000000042e-02 5.999999999999999778e-02 4.300000000000000000e+01
2.407900000000000040e-01 2.895900000000000141e-01 2.134800000000000031e-01 1.219699999999999951e-01 1.679599999999999982e-01 1.929000000000000159e-02 1.897199999999999998e-01 1.957200000000000051e-01 1.331299999999999983e-01 1.014300000000000063e-01 2.550399999999999889e-01 2.500000000000000000e-01 2.700000000000000178e-01 4.800000000000000000e+01
6.415999999999999481e-02 5.591000000000000136e-02 1.300699999999999912e-01 1.216700000000000004e-01 1.260900000000000076e-01 1.269999999999999948e-02 2.078699999999999992e-01 2.024299999999999988e-01 2.570000000000000062e-01 2.836000000000000187e-01 2.169200000000000017e-01 2.000000000000000111e-01 2.200000000000000011e-01 2.070000000000000000e+02
1.897899999999999865e-01 2.639199999999999879e-01 1.891899999999999971e-01 1.574399999999999966e-01 3.088000000000000120e-02 3.005000000000000032e-02 1.782999999999999863e-01 6.998999999999999666e-02 1.346999999999999933e-02 2.155499999999999916e-01 1.196500000000000064e-01 1.199999999999999956e-01 1.400000000000000133e-01 3.700000000000000000e+01
2.260999999999999954e-01 2.099900000000000100e-01 2.121800000000000075e-01 1.568900000000000017e-01 2.282000000000000001e-02 3.269999999999999990e-02 2.784599999999999853e-01 9.914000000000000590e-02 2.289000000000000062e-02 1.273499999999999910e-01 5.130000000000000011e-03 2.000000000000000042e-02 4.000000000000000083e-02 3.600000000000000000e+01
1.646799999999999931e-01 1.677899999999999947e-01 4.127999999999999725e-02 1.531800000000000106e-01 4.157999999999999891e-02 7.091999999999999693e-02 2.809900000000000175e-01 2.168000000000000135e-02 1.710399999999999976e-01 9.904000000000000303e-02 1.481399999999999939e-01 1.499999999999999944e-01 1.799999999999999933e-01 4.400000000000000000e+01
2.846000000000000196e-01 9.010999999999999566e-02 1.303700000000000137e-01 2.716999999999999971e-02 9.099000000000000143e-02 1.450899999999999967e-01 2.295999999999999985e-01 1.952299999999999869e-01 1.595100000000000129e-01 1.947200000000000042e-01 7.191999999999999782e-02 8.000000000000000167e-02 8.999999999999999667e-02 4.600000000000000000e+01
6.311999999999999555e-02 7.113999999999999491e-02 1.342700000000000005e-01 2.582999999999999741e-01 2.282000000000000001e-02 2.493000000000000077e-02 2.461999999999999952e-02 1.209000000000000005e-02 5.160000000000000003e-02 2.209000000000000130e-01 2.525100000000000122e-01 2.300000000000000100e-01 2.600000000000000089e-01 2.260000000000000000e+02
1.619999999999999912e-02 2.085200000000000109e-01 2.094999999999999987e-02 2.163899999999999990e-01 2.410999999999999949e-02 3.028000000000000136e-02 1.390399999999999969e-01 1.685899999999999899e-01 1.801000000000000170e-02 2.298699999999999910e-01 1.321100000000000052e-01 1.400000000000000133e-01 1.499999999999999944e-01 3.700000000000000000e+01
2.659999999999999865e-02 4.952999999999999764e-02 7.516000000000000458e-02 2.879700000000000037e-01 1.827300000000000035e-01 1.247499999999999998e-01 1.340600000000000125e-01 2.318699999999999928e-01 6.221000000000000141e-02 2.464200000000000002e-01 1.416300000000000059e-01 1.400000000000000133e-01 1.499999999999999944e-01 1.220000000000000000e+02
1.026699999999999974e-01 3.200000000000000153e-03 1.384100000000000052e-01 2.134699999999999931e-01 1.352099999999999969e-01 1.623600000000000043e-01 4.179999999999999688e-02 3.579999999999999849e-03 2.290200000000000014e-01 2.919000000000000067e-02 1.384499999999999897e-01 1.400000000000000133e-01 1.499999999999999944e-01 8.700000000000000000e+01
1.464300000000000046e-01 1.506500000000000061e-01 1.984999999999999959e-02 2.493599999999999983e-01 2.302999999999999839e-02 1.122000000000000081e-02 2.727299999999999724e-01 2.417700000000000127e-01 2.426899999999999891e-01 1.023199999999999943e-01 6.395000000000000684e-02 7.000000000000000666e-02 1.000000000000000056e-01 4.000000000000000000e+01
5.029999999999999749e-03 1.655699999999999950e-01 1.208499999999999991e-01 2.723999999999999755e-01 1.818299999999999916e-01 4.986000000000000154e-02 2.680100000000000260e-01 2.909499999999999864e-01 7.160999999999999310e-02 2.049499999999999933e-01 1.550300000000000011e-01 1.600000000000000033e-01 1.700000000000000122e-01 4.800000000000000000e+01
1.113699999999999968e-01 1.264000000000000123e-01 1.434999999999999887e-01 2.893600000000000061e-01 2.274400000000000033e-01 7.720000000000000299e-03 2.561000000000000082e-02 1.262199999999999989e-01 2.220799999999999996e-01 4.381999999999999784e-02 1.871700000000000030e-01 1.799999999999999933e-01 2.000000000000000111e-01 8.000000000000000000e+01
5.060000000000000261e-03 1.350999999999999944e-02 1.711799999999999988e-01 7.713000000000000411e-02 2.530399999999999872e-01 2.296700000000000130e-01 2.056999999999999940e-01 7.689999999999999614e-02 1.762299999999999978e-01 2.581600000000000006e-01 4.991000000000000297e-02 5.000000000000000278e-02 7.000000000000000666e-02 5.200000000000000000e+01
4.259999999999999898e-03 2.964300000000000268e-01 3.899999999999999821e-03 3.996999999999999859e-02 7.975000000000000144e-02 1.092599999999999960e-01 9.485000000000000375e-02 1.991999999999999882e-01 8.969000000000000583e-02 2.443999999999999992e-02 7.204000000000000681e-02 8.000000000000000167e-02 1.100000000000000006e-01 3.900000000000000000e+01
3.298000000000000237e-02 1.305000000000000084e-02 3.235999999999999988e-02 2.210000000000000159e-03 9.110000000000000042e-02 1.912699999999999956e-01 4.513999999999999957e-02 1.241000000000000020e-01 1.223000000000000059e-01 2.256400000000000072e-01 2.936300000000000021e-01 2.300000000000000100e-01 2.700000000000000178e-01 7.200000000000000000e+02
8.910999999999999477e-02 2.303300000000000070e-01 1.275300000000000045e-01 1.087199999999999972e-01 2.522900000000000142e-01 2.881600000000000272e-01 1.090900000000000064e-01 2.846999999999999878e-02 2.549600000000000199e-01 1.106300000000000061e-01 1.723300000000000110e-01 1.700000000000000122e-01 2.000000000000000111e-01 4.100000000000000000e+01
2.420700000000000074e-01 6.153000000000000136e-02 1.034000000000000058e-01 2.159600000000000131e-01 2.085299999999999931e-01 5.501999999999999946e-02 1.787799999999999945e-01 3.919999999999999873e-03 2.827999999999999958e-02 1.065200000000000036e-01 2.023600000000000121e-01 1.900000000000000022e-01 2.200000000000000011e-01 1.360000000000000000e+02
2.283000000000000029e-01 2.046499999999999986e-01 7.040000000000000251e-03 2.414000000000000035e-01 2.226899999999999991e-01 2.673499999999999766e-01 5.215999999999999803e-02 1.286200000000000121e-01 2.065000000000000169e-02 8.369000000000000050e-02 5.772999999999999660e-02 7.000000000000000666e-02 8.000000000000000167e-02 8.500000000000000000e+01
1.998900000000000121e-01 8.800000000000000313e-04 2.615500000000000047e-01 2.579500000000000126e-01 2.339900000000000035e-01 2.656299999999999772e-01 7.105999999999999817e-02 1.931799999999999906e-01 2.294799999999999895e-01 4.073000000000000231e-02 7.956000000000000572e-02 8.000000000000000167e-02 1.100000000000000006e-01 5.200000000000000000e+01
1.779999999999999916e-01 2.513500000000000179e-01 2.459399999999999920e-01 1.691300000000000026e-01 6.929000000000000437e-02 2.205999999999999975e-02 2.533900000000000041e-01 1.479199999999999959e-01 5.381999999999999978e-02 8.468000000000000527e-02 2.704400000000000137e-01 2.600000000000000089e-01 2.800000000000000266e-01 9.100000000000000000e+01
2.493100000000000038e-01 1.339299999999999935e-01 9.332000000000000017e-02 4.109999999999999938e-03 2.929599999999999982e-01 2.842000000000000082e-02 1.849699999999999955e-01 2.270699999999999941e-01 2.211299999999999932e-01 2.050099999999999978e-01 2.039700000000000124e-01 2.000000000000000111e-01 2.200000000000000011e-01 7.600000000000000000e+01
1.578299999999999981e-01 2.132100000000000106e-01 1.398399999999999921e-01 2.772299999999999764e-01 2.419099999999999862e-01 1.251599999999999935e-01 1.650300000000000100e-01 2.531599999999999961e-01 2.969100000000000072e-01 1.751699999999999924e-01 9.300999999999999546e-02 1.000000000000000056e-01 1.199999999999999956e-01 4.000000000000000000e+01
3.160000000000000309e-02 2.284499999999999864e-01 1.328000000000000014e-01 1.934099999999999986e-01 2.363399999999999945e-01 2.901699999999999835e-01 3.042999999999999872e-02 2.647100000000000009e-01 1.960600000000000120e-01 1.584099999999999953e-01 2.269299999999999928e-01 2.300000000000000100e-01 2.500000000000000000e-01 4.800000000000000000e+01
2.219399999999999984e-01 5.133999999999999675e-02 1.084399999999999947e-01 2.347200000000000120e-01 1.421199999999999963e-01 4.247000000000000081e-02 2.507800000000000029e-01 2.036300000000000054e-01 2.041199999999999959e-01 1.224299999999999972e-01 1.795299999999999951e-01 1.700000000000000122e-01 1.900000000000000022e-01 1.160000000000000000e+02
1.013899999999999940e-01 1.741499999999999992e-01 2.571300000000000252e-01 3.932999999999999691e-02 8.412999999999999645e-02 1.040599999999999997e-01 2.211299999999999932e-01 1.478099999999999969e-01 8.477999999999999425e-02 1.029100000000000015e-01 2.067100000000000048e-01 2.000000000000000111e-01 2.200000000000000011e-01 7.400000000000000000e+01
2.852000000000000091e-01 1.666400000000000103e-01 2.306799999999999962e-01 1.107199999999999990e-01 1.144799999999999984e-01 1.301900000000000002e-01 8.251999999999999613e-02 2.189500000000000057e-01 2.522900000000000142e-01 5.439999999999999697e-02 1.698600000000000110e-01 1.700000000000000122e-01 1.900000000000000022e-01 5.000000000000000000e+01
4.723999999999999727e-02 1.152000000000000073e-02 2.627599999999999936e-01 2.675000000000000155e-01 3.976999999999999980e-02 1.808299999999999907e-01 1.261500000000000121e-01 1.183099999999999985e-01 2.430100000000000038e-01 1.510599999999999998e-01 2.284100000000000019e-01 2.099999999999999922e-01 2.399999999999999911e-01 1.980000000000000000e+02
2.321000000000000146e-02 1.783500000000000085e-01 1.727100000000000024e-01 5.566999999999999726e-02 2.988799999999999790e-01 1.508700000000000041e-01 1.760500000000000120e-01 2.259500000000000119e-01 2.166899999999999937e-01 1.999000000000000082e-02 2.246400000000000063e-01 2.200000000000000011e-01 2.399999999999999911e-01 9.000000000000000000e+01
2.815400000000000125e-01 3.309999999999999748e-02 2.732600000000000029e-01 1.160000000000000007e-03 8.669000000000000317e-02 2.418200000000000072e-01 2.438700000000000034e-01 3.522999999999999743e-02 2.446299999999999863e-01 7.595000000000000362e-02 2.430700000000000083e-01 2.000000000000000111e-01 2.300000000000000100e-01 7.200000000000000000e+02
3.928000000000000241e-02 8.119999999999999440e-02 2.713099999999999956e-01 3.513999999999999763e-02 3.917000000000000343e-02 1.421699999999999908e-01 6.532000000000000306e-02 1.922000000000000097e-02 2.872199999999999753e-01 9.898999999999999466e-02 2.217999999999999972e-01 2.099999999999999922e-01 2.300000000000000100e-01 1.640000000000000000e+02
2.119000000000000050e-02 2.637599999999999945e-01 2.581399999999999806e-01 2.385700000000000043e-01 2.401500000000000024e-01 1.190900000000000014e-01 5.534000000000000030e-02 2.615299999999999847e-01 2.612999999999999767e-01 2.222399999999999931e-01 1.264000000000000123e-01 1.300000000000000044e-01 1.600000000000000033e-01 4.000000000000000000e+01
3.229999999999999798e-03 2.882299999999999862e-01 1.088800000000000046e-01 2.988299999999999845e-01 2.089699999999999891e-01 2.112700000000000133e-01 2.566800000000000193e-01 1.554399999999999948e-01 1.273400000000000087e-01 5.664000000000000284e-02 2.561499999999999888e-01 2.500000000000000000e-01 2.700000000000000178e-01 5.100000000000000000e+01
1.883999999999999911e-02 8.733000000000000485e-02 1.573400000000000076e-01 1.484000000000000076e-02 1.907999999999999974e-02 1.009899999999999964e-01 2.694900000000000073e-01 6.410000000000000420e-02 1.012799999999999950e-01 1.725399999999999989e-01 2.559299999999999908e-01 2.099999999999999922e-01 2.300000000000000100e-01 7.200000000000000000e+02
2.456899999999999917e-01 1.187399999999999983e-01 3.518000000000000294e-02 2.066900000000000126e-01 1.219699999999999951e-01 3.665000000000000202e-02 2.288199999999999956e-01 1.532300000000000051e-01 1.348699999999999899e-01 4.351000000000000006e-02 7.437000000000000555e-02 8.000000000000000167e-02 1.100000000000000006e-01 3.900000000000000000e+01
4.086000000000000049e-02 8.247000000000000164e-02 8.966999999999999971e-02 1.780200000000000116e-01 1.069900000000000018e-01 2.219099999999999961e-01 2.933700000000000196e-01 7.906000000000000527e-02 2.615500000000000047e-01 3.656000000000000222e-02 1.161000000000000053e-02 2.000000000000000042e-02 5.999999999999999778e-02 4.000000000000000000e+01
1.132599999999999996e-01 1.339400000000000035e-01 1.496899999999999897e-01 1.746699999999999919e-01 1.053800000000000014e-01 2.951300000000000034e-01 2.616899999999999782e-01 1.439999999999999891e-01 1.404000000000000040e-02 2.983999999999999847e-02 1.202000000000000013e-01 1.199999999999999956e-01 1.499999999999999944e-01 5.000000000000000000e+01
5.510000000000000141e-03 7.560000000000000053e-02 2.408800000000000108e-01 8.850000000000000228e-03 2.002400000000000013e-01 2.903000000000000025e-01 9.897999999999999854e-02 1.394299999999999984e-01 1.530900000000000039e-01 1.304500000000000104e-01 2.479999999999999913e-02 2.999999999999999889e-02 5.999999999999999778e-02 4.100000000000000000e+01
1.857499999999999984e-01 7.910000000000000364e-02 2.620199999999999751e-01 1.496599999999999875e-01 1.956199999999999883e-01 1.139499999999999957e-01 1.855799999999999950e-01 1.334500000000000131e-01 2.939999999999999905e-02 2.157399999999999873e-01 1.489499999999999991e-01 1.499999999999999944e-01 1.600000000000000033e-01 1.370000000000000000e+02
2.521200000000000108e-01 7.312000000000000444e-02 2.094399999999999873e-01 1.209999999999999921e-03 1.000000000000000056e-01 2.330800000000000094e-01 2.928799999999999737e-01 2.486099999999999977e-01 2.411399999999999932e-01 3.032999999999999932e-02 1.007500000000000062e-01 1.000000000000000056e-01 1.300000000000000044e-01 5.000000000000000000e+01
7.868999999999999606e-02 4.306000000000000105e-02 6.499999999999999702e-03 1.153200000000000058e-01 6.586999999999999800e-02 1.955600000000000116e-01 2.333800000000000041e-01 2.981699999999999906e-01 1.687999999999999917e-02 7.190000000000000210e-03 1.940000000000000101e-03 2.000000000000000042e-02 5.000000000000000278e-02 4.500000000000000000e+01
4.219999999999999793e-03 5.918999999999999956e-02 3.307000000000000217e-02 2.698499999999999788e-01 2.383699999999999986e-01 1.866400000000000003e-01 1.527799999999999991e-01 1.410399999999999987e-01 2.544000000000000081e-02 1.513799999999999868e-01 1.437400000000000067e-01 1.400000000000000133e-01 1.600000000000000033e-01 1.150000000000000000e+02
2.622599999999999931e-01 2.597099999999999964e-01 1.169199999999999962e-01 1.603499999999999925e-01 2.446200000000000041e-01 2.591999999999999860e-02 7.247000000000000663e-02 1.889699999999999991e-01 1.540400000000000102e-01 8.093000000000000194e-02 1.796999999999999986e-01 1.799999999999999933e-01 2.099999999999999922e-01 4.300000000000000000e+01
9.787999999999999479e-02 3.511999999999999844e-02 1.873900000000000010e-01 2.488999999999999893e-02 3.155000000000000165e-02 9.654000000000000081e-02 7.878999999999999893e-02 2.003999999999999879e-02 1.641900000000000026e-01 2.795900000000000052e-01 1.938799999999999968e-01 1.799999999999999933e-01 2.000000000000000111e-01 1.640000000000000000e+02
2.321300000000000030e-01 4.528000000000000080e-02 4.698999999999999705e-02 1.967800000000000105e-01 2.509000000000000119e-01 9.625999999999999834e-02 1.473099999999999965e-01 8.483999999999999875e-02 2.098899999999999932e-01 2.445599999999999996e-01 1.617000000000000104e-01 1.600000000000000033e-01 1.700000000000000122e-01 1.240000000000000000e+02
7.849000000000000421e-02 1.272800000000000042e-01 1.372800000000000131e-01 1.231199999999999933e-01 1.880900000000000072e-01 1.894200000000000050e-01 8.269999999999999574e-03 1.176500000000000046e-01 2.916099999999999803e-01 2.929000000000000006e-02 2.975999999999999757e-01 2.399999999999999911e-01 2.700000000000000178e-01 7.200000000000000000e+02
2.270199999999999996e-01 1.873499999999999888e-01 2.570000000000000062e-02 2.907000000000000139e-01 2.292899999999999938e-01 5.211999999999999966e-02 1.680200000000000027e-01 1.528400000000000036e-01 5.573999999999999788e-02 1.824999999999999886e-02 1.400599999999999901e-01 1.400000000000000133e-01 1.700000000000000122e-01 4.400000000000000000e+01
7.914999999999999813e-02 7.749999999999999944e-03 1.873599999999999988e-01 1.292800000000000060e-01 2.599199999999999844e-01 2.904999999999999943e-02 2.602300000000000169e-01 1.974000000000000060e-02 2.781500000000000083e-01 2.698200000000000043e-01 2.078599999999999892e-01 2.000000000000000111e-01 2.200000000000000011e-01 1.420000000000000000e+02
1.642899999999999916e-01 2.765599999999999725e-01 1.886200000000000099e-01 2.950999999999999734e-01 2.296199999999999908e-01 2.089600000000000068e-01 1.204599999999999976e-01 2.910800000000000054e-01 4.610000000000000209e-02 2.937100000000000266e-01 2.756700000000000261e-01 2.700000000000000178e-01 2.899999999999999800e-01 4.200000000000000000e+01
1.595100000000000129e-01 6.672999999999999765e-02 1.799999999999999951e-03 2.080299999999999927e-01 1.818200000000000094e-01 1.147500000000000048e-01 9.618999999999999773e-02 1.129499999999999948e-01 2.666700000000000181e-01 3.264999999999999847e-02 1.416199999999999959e-01 1.400000000000000133e-01 1.600000000000000033e-01 6.900000000000000000e+01
6.969999999999999633e-03 2.273699999999999888e-01 2.916099999999999803e-01 3.291999999999999788e-02 9.112000000000000655e-02 1.410999999999999928e-02 2.641399999999999859e-01 4.300000000000000003e-03 9.755999999999999395e-02 2.319900000000000018e-01 2.721100000000000185e-01 2.700000000000000178e-01 2.800000000000000266e-01 1.210000000000000000e+02
5.194000000000000006e-02 2.163400000000000045e-01 6.328999999999999904e-02 2.096200000000000008e-01 2.210199999999999942e-01 1.537100000000000133e-01 1.012200000000000044e-01 2.873899999999999788e-01 2.721899999999999875e-01 6.500999999999999834e-02 2.006100000000000105e-01 2.000000000000000111e-01 2.200000000000000011e-01 4.800000000000000000e+01
1.725000000000000144e-02 8.305999999999999495e-02 2.291199999999999903e-01 2.545499999999999985e-01 2.988799999999999790e-01 1.649899999999999978e-01 2.236200000000000132e-01 1.190699999999999953e-01 7.238999999999999602e-02 7.349999999999999763e-03 2.952099999999999724e-01 2.399999999999999911e-01 2.600000000000000089e-01 7.200000000000000000e+02
1.583400000000000085e-01 2.059199999999999919e-01 4.209999999999999853e-02 2.118899999999999950e-01 6.540999999999999592e-02 1.281799999999999884e-01 2.429999999999999868e-03 2.581300000000000261e-01 2.632300000000000195e-01 2.092799999999999938e-01 1.818899999999999961e-01 1.799999999999999933e-01 2.099999999999999922e-01 4.100000000000000000e+01
1.872000000000000053e-02 1.586700000000000055e-01 2.072499999999999898e-01 2.416600000000000137e-01 7.187000000000000333e-02 4.884000000000000147e-02 2.074999999999999900e-01 1.401199999999999946e-01 2.953500000000000014e-01 1.800100000000000033e-01 2.398599999999999899e-01 2.300000000000000100e-01 2.500000000000000000e-01 1.000000000000000000e+02
2.713300000000000156e-01 2.520899999999999808e-01 2.318600000000000105e-01 1.984999999999999959e-02 1.207099999999999979e-01 7.099999999999999367e-02 1.907000000000000084e-01 2.624199999999999866e-01 8.019999999999999352e-03 1.633300000000000030e-01 1.130000000000000032e-01 1.199999999999999956e-01 1.300000000000000044e-01 3.700000000000000000e+01
1.338799999999999990e-01 1.466500000000000026e-01 1.189199999999999979e-01 1.432700000000000085e-01 6.991999999999999604e-02 2.963399999999999923e-01 7.556999999999999829e-02 8.028000000000000413e-02 2.922399999999999998e-01 1.745899999999999952e-01 1.622200000000000031e-01 1.700000000000000122e-01 1.900000000000000022e-01 5.000000000000000000e+01
1.023600000000000065e-01 1.824800000000000033e-01 1.241600000000000065e-01 2.615600000000000147e-01 3.370000000000000166e-03 5.550999999999999684e-02 4.435000000000000053e-02 1.402200000000000113e-01 2.600799999999999779e-01 2.840500000000000247e-01 2.959700000000000109e-01 2.899999999999999800e-01 3.099999999999999978e-01 1.400000000000000000e+02
2.008600000000000108e-01 2.903000000000000025e-01 8.831999999999999573e-02 2.047299999999999953e-01 8.959999999999999215e-03 2.079999999999999905e-02 1.908199999999999896e-01 9.611999999999999711e-02 4.660000000000000080e-03 2.369999999999999885e-02 2.172000000000000042e-01 2.099999999999999922e-01 2.399999999999999911e-01 5.500000000000000000e+01
5.457999999999999657e-02 1.411300000000000054e-01 2.163299999999999945e-01 1.706999999999999837e-02 2.637399999999999745e-01 1.058000000000000086e-02 2.633599999999999830e-01 2.669500000000000206e-01 3.427000000000000185e-02 2.332200000000000106e-01 1.617000000000000104e-01 1.600000000000000033e-01 1.799999999999999933e-01 5.700000000000000000e+01
8.179999999999999771e-03 1.768299999999999872e-01 2.458200000000000107e-01 1.747700000000000087e-01 1.137800000000000061e-01 3.699999999999999817e-02 4.096999999999999947e-02 7.104000000000000592e-02 2.292099999999999971e-01 1.928600000000000037e-01 4.191000000000000281e-02 5.000000000000000278e-02 8.000000000000000167e-02 4.000000000000000000e+01
1.605900000000000105e-01 2.294899999999999995e-01 1.241000000000000020e-01 2.288100000000000134e-01 3.443000000000000227e-02 1.516200000000000048e-01 2.238600000000000034e-01 1.676900000000000057e-01 2.114099999999999868e-01 2.296199999999999908e-01 5.491999999999999660e-02 5.999999999999999778e-02 8.000000000000000167e-02 4.700000000000000000e+01
2.845699999999999896e-01 1.496599999999999875e-01 1.606200000000000128e-01 2.890900000000000136e-01 2.120999999999999969e-02 2.231100000000000028e-01 1.105399999999999994e-01 1.560199999999999920e-01 2.648300000000000098e-01 6.786999999999999977e-02 2.822000000000000064e-01 2.700000000000000178e-01 2.899999999999999800e-01 2.870000000000000000e+02
1.895199999999999940e-01 2.611999999999999877e-01 1.414999999999999938e-02 2.940699999999999981e-01 1.440800000000000136e-01 1.531599999999999906e-01 2.551200000000000134e-01 1.668399999999999883e-01 1.611899999999999999e-01 2.946000000000000008e-02 2.698599999999999888e-01 2.600000000000000089e-01 2.800000000000000266e-01 6.500000000000000000e+01
2.005800000000000083e-01 1.096799999999999997e-01 2.083699999999999997e-01 3.951000000000000345e-02 2.294700000000000073e-01 1.217400000000000010e-01 2.160199999999999898e-01 3.520999999999999824e-02 2.510200000000000209e-01 1.030299999999999966e-01 2.448799999999999866e-01 2.300000000000000100e-01 2.500000000000000000e-01 1.720000000000000000e+02
2.091300000000000103e-01 1.868100000000000038e-01 1.394499999999999906e-01 2.857700000000000240e-01 3.336999999999999689e-02 1.918499999999999928e-01 2.389600000000000057e-01 9.102999999999999980e-02 1.157900000000000040e-01 1.620499999999999996e-01 2.842399999999999927e-01 2.700000000000000178e-01 2.899999999999999800e-01 2.120000000000000000e+02
2.415899999999999992e-01 1.926299999999999957e-01 2.564000000000000168e-01 1.226899999999999935e-01 1.755400000000000016e-01 1.554300000000000126e-01 1.182099999999999956e-01 7.260999999999999399e-02 2.336999999999999841e-02 1.447000000000000022e-02 1.132399999999999934e-01 1.199999999999999956e-01 1.400000000000000133e-01 4.500000000000000000e+01
2.157499999999999973e-01 2.524100000000000232e-01 2.473499999999999865e-01 5.831000000000000072e-02 2.559400000000000008e-01 1.005999999999999950e-02 2.347100000000000020e-01 6.419999999999999318e-02 2.944000000000000089e-02 1.507000000000000006e-02 4.723000000000000115e-02 5.000000000000000278e-02 8.000000000000000167e-02 4.200000000000000000e+01
8.021999999999999964e-02 8.670999999999999541e-02 3.022000000000000033e-02 2.821799999999999864e-01 9.260000000000000175e-02 3.309000000000000136e-02 2.995800000000000129e-01 2.714699999999999891e-01 1.757299999999999973e-01 3.926000000000000323e-02 4.585000000000000187e-02 5.000000000000000278e-02 8.999999999999999667e-02 3.800000000000000000e+01
1.190800000000000053e-01 1.407899999999999985e-01 6.952999999999999459e-02 2.198599999999999999e-01 1.798700000000000021e-01 2.523000000000000242e-01 2.380200000000000093e-01 2.765599999999999725e-01 1.536000000000000039e-02 2.041699999999999904e-01 2.879999999999999782e-01 2.500000000000000000e-01 2.700000000000000178e-01 7.200000000000000000e+02
9.753000000000000558e-02 8.410000000000000808e-03 1.055500000000000049e-01 1.839600000000000124e-01 1.881099999999999994e-01 2.377199999999999869e-01 6.237000000000000183e-02 1.221000000000000037e-02 1.562399999999999900e-01 1.312500000000000056e-01 6.219999999999999835e-02 7.000000000000000666e-02 8.999999999999999667e-02 5.200000000000000000e+01
9.403999999999999859e-02 2.299999999999999961e-03 6.318999999999999617e-02 2.661100000000000132e-01 1.730500000000000094e-01 1.158099999999999963e-01 2.110799999999999899e-01 2.094999999999999987e-02 5.031999999999999668e-02 4.444000000000000034e-02 2.552599999999999869e-01 2.200000000000000011e-01 2.500000000000000000e-01 7.200000000000000000e+02
9.904000000000000303e-02 2.925400000000000222e-01 2.672399999999999776e-01 2.322500000000000120e-01 2.477600000000000080e-01 7.556000000000000216e-02 2.947500000000000120e-01 2.557400000000000229e-01 2.606899999999999773e-01 4.274000000000000021e-02 2.403599999999999903e-01 2.300000000000000100e-01 2.600000000000000089e-01 4.900000000000000000e+01
1.512600000000000056e-01 1.605100000000000138e-01 6.051000000000000129e-02 1.423999999999999988e-01 1.879099999999999937e-01 1.804399999999999893e-01 8.111000000000000154e-02 9.914000000000000590e-02 1.655699999999999950e-01 7.399999999999999894e-04 2.935499999999999776e-01 2.800000000000000266e-01 2.999999999999999889e-01 2.450000000000000000e+02
2.361999999999999864e-02 1.469999999999999953e-03 2.268999999999999906e-01 1.958000000000000018e-02 6.327000000000000679e-02 2.389199999999999935e-01 2.383000000000000049e-02 1.867000000000000048e-01 4.705999999999999767e-02 7.932000000000000162e-02 2.454300000000000093e-01 2.200000000000000011e-01 2.500000000000000000e-01 2.050000000000000000e+02
1.138099999999999945e-01 1.920600000000000085e-01 2.002200000000000091e-01 2.953000000000000069e-02 9.203000000000000069e-02 3.130000000000000143e-02 2.025399999999999978e-01 6.189999999999999669e-02 2.293800000000000006e-01 2.079900000000000082e-01 2.667700000000000071e-01 2.600000000000000089e-01 2.800000000000000266e-01 9.800000000000000000e+01
1.813400000000000012e-01 1.405899999999999928e-01 1.074600000000000000e-01 5.548000000000000154e-02 2.474099999999999910e-01 1.475799999999999890e-01 6.051999999999999741e-02 2.799400000000000222e-01 8.472999999999999976e-02 1.407799999999999885e-01 2.318300000000000083e-01 2.300000000000000100e-01 2.399999999999999911e-01 1.400000000000000000e+02
2.038999999999999840e-02 7.926999999999999325e-02 4.139000000000000318e-02 8.483999999999999875e-02 1.759499999999999953e-01 5.113000000000000184e-02 2.289599999999999969e-01 1.875999999999999890e-01 1.770400000000000029e-01 1.010800000000000032e-01 2.957299999999999929e-01 2.200000000000000011e-01 2.399999999999999911e-01 7.200000000000000000e+02
1.625600000000000100e-01 7.231999999999999540e-02 4.200000000000000261e-02 2.109900000000000109e-01 2.379999999999999893e-01 1.094600000000000017e-01 1.433500000000000052e-01 2.274799999999999878e-01 2.301700000000000135e-01 2.640700000000000269e-01 2.963899999999999868e-01 2.500000000000000000e-01 2.800000000000000266e-01 7.200000000000000000e+02
9.153000000000000025e-02 1.693600000000000105e-01 1.975999999999999979e-02 1.553400000000000059e-01 2.800599999999999756e-01 2.501300000000000190e-01 2.977600000000000247e-01 5.618999999999999689e-02 2.651200000000000223e-01 2.548900000000000055e-01 1.273400000000000087e-01 1.300000000000000044e-01 1.499999999999999944e-01 4.200000000000000000e+01
6.879000000000000392e-02 8.551999999999999880e-02 1.818500000000000116e-01 2.114999999999999936e-01 2.731100000000000194e-01 2.828800000000000203e-01 1.492600000000000038e-01 2.632700000000000040e-01 2.120900000000000007e-01 1.542800000000000005e-01 2.485999999999999877e-01 2.399999999999999911e-01 2.500000000000000000e-01 2.360000000000000000e+02
1.192799999999999971e-01 7.599999999999999811e-02 2.902799999999999825e-01 2.734099999999999864e-01 2.759599999999999831e-01 2.860900000000000110e-01 2.890499999999999736e-01 2.447400000000000131e-01 5.011999999999999789e-02 1.403000000000000080e-01 2.014400000000000079e-01 1.900000000000000022e-01 2.099999999999999922e-01 1.450000000000000000e+02
3.038000000000000075e-02 5.462999999999999801e-02 1.040900000000000020e-01 4.291999999999999982e-02 4.102999999999999703e-02 2.769199999999999995e-01 1.871200000000000085e-01 2.055099999999999982e-01 1.149000000000000021e-01 2.688699999999999979e-01 2.546499999999999875e-01 2.099999999999999922e-01 2.500000000000000000e-01 7.200000000000000000e+02
1.098100000000000048e-01 6.444999999999999341e-02 6.532999999999999918e-02 2.192000000000000060e-01 1.310300000000000076e-01 4.016999999999999738e-02 2.474800000000000055e-01 2.926000000000000267e-01 1.945000000000000062e-01 2.659900000000000042e-01 1.002699999999999980e-01 1.000000000000000056e-01 1.199999999999999956e-01 6.000000000000000000e+01
1.372299999999999909e-01 1.837499999999999967e-01 1.025200000000000000e-01 2.922899999999999943e-01 2.370500000000000107e-01 2.172600000000000087e-01 1.980200000000000016e-01 2.932799999999999851e-01 2.324900000000000022e-01 7.974000000000000532e-02 2.415100000000000025e-01 2.399999999999999911e-01 2.500000000000000000e-01 1.040000000000000000e+02
2.253699999999999870e-01 1.547399999999999887e-01 2.614500000000000157e-01 2.091699999999999948e-01 2.522900000000000142e-01 2.872700000000000253e-01 1.669499999999999873e-01 2.262099999999999944e-01 2.429300000000000070e-01 1.236000000000000015e-01 4.070000000000000007e-02 5.000000000000000278e-02 8.000000000000000167e-02 4.000000000000000000e+01
1.684400000000000064e-01 2.471999999999999892e-02 3.649000000000000160e-02 3.595000000000000279e-02 2.114999999999999866e-02 2.038099999999999912e-01 2.230399999999999883e-01 1.088200000000000001e-01 2.769400000000000195e-01 4.222999999999999671e-02 2.080599999999999949e-01 1.900000000000000022e-01 2.099999999999999922e-01 3.020000000000000000e+02
3.892999999999999933e-02 1.340000000000000045e-02 5.222999999999999865e-02 1.346600000000000019e-01 1.363800000000000012e-01 6.894999999999999740e-02 2.343800000000000050e-01 7.636999999999999345e-02 9.700000000000000289e-03 5.782000000000000334e-02 1.429199999999999915e-01 1.400000000000000133e-01 1.600000000000000033e-01 1.070000000000000000e+02
2.532999999999999835e-02 9.604999999999999649e-02 1.644299999999999928e-01 1.823599999999999943e-01 1.078400000000000053e-01 2.184699999999999975e-01 2.558599999999999763e-01 2.469999999999999973e-02 2.206799999999999873e-01 2.326100000000000112e-01 2.885599999999999832e-01 2.399999999999999911e-01 2.600000000000000089e-01 7.200000000000000000e+02
2.940900000000000181e-01 2.280699999999999950e-01 2.743999999999999773e-01 2.397400000000000087e-01 1.609200000000000075e-01 5.557999999999999746e-02 7.759000000000000619e-02 1.010500000000000009e-01 4.821000000000000285e-02 6.869000000000000106e-02 7.707999999999999574e-02 8.000000000000000167e-02 1.100000000000000006e-01 4.400000000000000000e+01
2.655000000000000068e-02 2.527599999999999847e-01 2.302099999999999980e-01 5.945000000000000284e-02 2.728499999999999814e-01 5.899999999999999863e-03 2.661899999999999822e-01 2.448899999999999966e-01 1.268600000000000005e-01 1.455700000000000049e-01 1.449300000000000033e-01 1.499999999999999944e-01 1.700000000000000122e-01 4.300000000000000000e+01
1.664599999999999969e-01 1.832399999999999862e-01 1.316400000000000070e-01 2.284499999999999864e-01 2.525999999999999912e-01 1.166900000000000021e-01 6.199999999999999782e-03 5.909999999999999976e-02 1.720000000000000001e-02 2.622900000000000231e-01 1.784900000000000098e-01 1.799999999999999933e-01 2.000000000000000111e-01 4.700000000000000000e+01
7.750999999999999557e-02 1.546999999999999938e-02 1.768599999999999894e-01 8.465000000000000302e-02 3.407999999999999918e-02 1.641499999999999904e-01 5.063999999999999752e-02 2.209099999999999953e-01 1.455500000000000127e-01 1.859599999999999864e-01 1.420700000000000018e-01 1.400000000000000133e-01 1.600000000000000033e-01 1.090000000000000000e+02
1.438500000000000056e-01 2.516999999999999793e-01 2.661100000000000132e-01 2.667300000000000226e-01 9.375000000000000000e-02 2.171599999999999919e-01 2.282999999999999960e-02 1.530499999999999916e-01 1.669200000000000128e-01 1.170599999999999974e-01 2.838499999999999912e-01 2.800000000000000266e-01 2.999999999999999889e-01 1.070000000000000000e+02
4.429000000000000298e-02 1.970800000000000052e-01 7.299999999999999545e-02 2.189599999999999880e-01 2.485300000000000009e-01 2.663099999999999912e-01 1.727100000000000024e-01 2.403999999999999887e-02 2.475999999999999868e-01 1.291200000000000125e-01 1.461600000000000121e-01 1.499999999999999944e-01 1.799999999999999933e-01 4.000000000000000000e+01
2.809200000000000030e-01 2.759599999999999831e-01 2.778900000000000259e-01 6.279999999999999992e-03 6.336999999999999578e-02 1.751000000000000056e-01 6.235999999999999877e-02 1.793099999999999972e-01 3.710000000000000103e-02 1.200399999999999939e-01 2.745099999999999763e-01 2.700000000000000178e-01 2.899999999999999800e-01 9.600000000000000000e+01
1.856299999999999895e-01 7.506000000000000172e-02 1.829699999999999938e-01 1.170299999999999951e-01 2.040800000000000114e-01 2.046399999999999886e-01 1.726300000000000057e-01 1.641600000000000004e-01 1.450200000000000100e-01 5.727999999999999758e-02 2.626299999999999746e-01 2.500000000000000000e-01 2.700000000000000178e-01 2.250000000000000000e+02
1.017300000000000010e-01 1.573400000000000076e-01 1.012500000000000067e-01 1.461600000000000121e-01 2.665399999999999991e-01 1.000000000000000056e-01 1.300800000000000012e-01 8.400000000000000522e-02 1.370500000000000052e-01 1.627999999999999933e-02 5.342000000000000220e-02 5.999999999999999778e-02 8.999999999999999667e-02 3.900000000000000000e+01
4.839999999999999684e-03 1.706300000000000039e-01 5.283999999999999808e-02 6.643999999999999906e-02 5.510000000000000141e-03 1.371400000000000119e-01 2.915400000000000214e-01 1.512300000000000033e-01 2.220000000000000029e-01 1.356799999999999951e-01 4.501999999999999752e-02 5.000000000000000278e-02 8.000000000000000167e-02 4.000000000000000000e+01
3.116999999999999979e-02 9.694999999999999452e-02 2.878100000000000103e-01 3.109999999999999917e-03 7.000000000000000666e-02 2.374999999999999889e-01 1.520100000000000062e-01 1.805799999999999905e-01 2.986500000000000266e-01 2.792200000000000237e-01 1.884399999999999964e-01 1.900000000000000022e-01 2.000000000000000111e-01 7.800000000000000000e+01
2.440599999999999992e-01 8.487999999999999712e-02 1.048999999999999932e-02 5.489000000000000129e-02 1.428599999999999870e-01 2.532300000000000106e-01 5.763000000000000067e-02 1.982800000000000118e-01 1.334100000000000008e-01 1.826200000000000045e-01 1.082000000000000045e-01 1.100000000000000006e-01 1.300000000000000044e-01 1.120000000000000000e+02
1.700399999999999967e-01 1.230399999999999966e-01 2.994299999999999740e-01 1.522499999999999964e-01 2.124500000000000000e-01 2.991099999999999870e-01 2.278000000000000025e-01 2.118200000000000083e-01 1.754999999999999963e-02 3.497000000000000108e-02 7.451000000000000678e-02 8.000000000000000167e-02 1.100000000000000006e-01 4.300000000000000000e+01
2.300000000000000070e-04 2.674300000000000010e-01 1.833400000000000030e-01 2.939800000000000191e-01 1.180900000000000005e-01 2.787700000000000178e-01 2.714599999999999791e-01 2.309999999999999901e-02 2.810400000000000120e-01 2.440499999999999892e-01 9.422999999999999432e-02 1.000000000000000056e-01 1.300000000000000044e-01 4.000000000000000000e+01
6.196999999999999731e-02 2.620100000000000207e-01 5.756000000000000005e-02 2.648800000000000043e-01 2.662000000000000130e-02 1.213999999999999940e-01 5.054000000000000159e-02 1.327000000000000055e-02 2.319100000000000050e-01 1.619999999999999912e-02 2.198999999999999913e-02 2.999999999999999889e-02 7.000000000000000666e-02 3.800000000000000000e+01
2.957799999999999874e-01 2.375999999999999987e-02 2.053000000000000103e-01 3.926999999999999935e-02 1.407299999999999940e-01 2.669599999999999751e-01 2.924700000000000077e-01 1.043300000000000061e-01 2.539699999999999736e-01 7.578999999999999626e-02 1.441300000000000081e-01 1.400000000000000133e-01 1.600000000000000033e-01 8.600000000000000000e+01
6.000000000000000125e-03 1.390099999999999947e-01 2.977000000000000132e-02 1.240600000000000036e-01 1.503700000000000037e-01 1.389499999999999902e-01 2.188700000000000090e-01 1.633600000000000052e-01 8.460000000000000506e-03 2.307099999999999984e-01 2.503900000000000015e-01 2.300000000000000100e-01 2.500000000000000000e-01 7.050000000000000000e+02
1.480299999999999949e-01 8.750000000000000833e-03 1.253199999999999870e-01 1.970699999999999952e-01 1.864099999999999924e-01 8.773999999999999855e-02 1.326199999999999879e-01 1.169000000000000039e-01 2.621299999999999741e-01 2.071500000000000008e-01 1.882999999999999952e-02 2.999999999999999889e-02 5.999999999999999778e-02 4.600000000000000000e+01
2.043000000000000094e-01 1.713500000000000023e-01 1.934299999999999908e-01 1.750899999999999956e-01 3.680000000000000111e-03 2.913200000000000234e-01 9.175999999999999435e-02 1.885699999999999876e-01 2.062199999999999867e-01 1.053400000000000031e-01 2.485100000000000087e-01 2.399999999999999911e-01 2.600000000000000089e-01 1.220000000000000000e+02
1.770799999999999874e-01 1.617099999999999926e-01 2.836899999999999977e-01 2.152600000000000069e-01 2.646999999999999909e-01 6.360999999999999988e-02 2.108800000000000119e-01 2.080799999999999872e-01 3.020000000000000115e-03 1.613700000000000134e-01 2.490600000000000036e-01 2.399999999999999911e-01 2.600000000000000089e-01 1.830000000000000000e+02
1.227999999999999925e-02 1.443099999999999938e-01 1.496200000000000030e-01 1.127900000000000014e-01 2.898200000000000220e-01 2.238000000000000059e-02 2.983399999999999941e-01 7.825000000000000011e-02 2.157600000000000073e-01 2.059400000000000119e-01 1.930300000000000071e-01 1.900000000000000022e-01 2.099999999999999922e-01 6.500000000000000000e+01
2.819200000000000039e-01 2.894700000000000051e-01 1.608700000000000130e-01 5.117000000000000021e-02 3.266000000000000153e-02 1.653100000000000125e-01 1.118900000000000033e-01 8.845000000000000084e-02 6.999999999999999387e-05 5.829999999999999766e-02 2.559299999999999908e-01 2.500000000000000000e-01 2.800000000000000266e-01 8.600000000000000000e+01
2.181500000000000106e-01 2.324700000000000100e-01 1.514300000000000090e-01 2.716100000000000181e-01 2.416699999999999959e-01 1.355300000000000116e-01 1.260199999999999931e-01 5.861000000000000237e-02 2.983299999999999841e-01 1.362299999999999900e-01 7.018000000000000627e-02 8.000000000000000167e-02 1.000000000000000056e-01 4.000000000000000000e+01
1.461999999999999966e-01 5.732999999999999902e-02 1.217000000000000026e-01 1.377599999999999936e-01 1.601499999999999868e-01 1.696699999999999875e-01 8.609999999999999598e-02 1.616299999999999959e-01 1.099200000000000038e-01 1.740099999999999980e-01 4.850999999999999757e-02 5.999999999999999778e-02 7.000000000000000666e-02 9.600000000000000000e+01
7.122000000000000552e-02 6.565999999999999615e-02 1.917699999999999960e-01 2.302299999999999902e-01 4.583999999999999880e-02 1.639500000000000124e-01 2.204099999999999948e-01 2.870199999999999974e-01 4.338999999999999801e-02 1.470200000000000118e-01 6.408999999999999420e-02 7.000000000000000666e-02 8.999999999999999667e-02 4.000000000000000000e+01
2.373000000000000109e-01 2.370099999999999985e-01 1.621400000000000063e-01 2.863800000000000234e-01 2.091999999999999971e-01 2.153100000000000014e-01 2.584899999999999975e-01 1.710500000000000076e-01 9.557999999999999829e-02 1.718000000000000083e-02 2.356000000000000108e-02 2.999999999999999889e-02 7.000000000000000666e-02 3.800000000000000000e+01
2.217000000000000082e-01 2.228600000000000025e-01 8.776000000000000467e-02 2.172199999999999964e-01 2.543900000000000050e-01 2.590199999999999725e-01 2.226599999999999968e-01 2.142799999999999983e-01 2.218199999999999894e-01 7.814999999999999725e-02 2.055299999999999905e-01 2.099999999999999922e-01 2.300000000000000100e-01 4.700000000000000000e+01
2.437400000000000122e-01 3.717999999999999777e-02 5.877999999999999892e-02 1.059900000000000009e-01 1.380899999999999905e-01 2.662499999999999867e-01 9.846000000000000585e-02 2.870699999999999918e-01 8.018999999999999739e-02 1.565699999999999870e-01 1.843200000000000116e-01 1.799999999999999933e-01 2.000000000000000111e-01 1.400000000000000000e+02
6.346000000000000252e-02 3.472000000000000086e-02 1.796000000000000096e-01 2.749599999999999822e-01 1.756399999999999906e-01 8.286000000000000310e-02 2.977899999999999991e-01 6.128999999999999726e-02 1.786999999999999977e-01 2.063300000000000134e-01 1.907899999999999874e-01 1.799999999999999933e-01 2.000000000000000111e-01 1.440000000000000000e+02
6.328000000000000291e-02 5.437000000000000166e-02 3.543000000000000316e-02 1.223999999999999949e-01 1.701199999999999934e-01 1.114799999999999958e-01 1.218500000000000000e-01 1.930600000000000094e-01 1.638999999999999901e-01 2.093800000000000106e-01 1.629999999999999852e-02 2.999999999999999889e-02 5.000000000000000278e-02 3.700000000000000000e+01
1.097299999999999942e-01 1.165299999999999947e-01 2.185600000000000043e-01 2.161700000000000010e-01 1.077199999999999963e-01 2.397199999999999886e-01 1.404199999999999893e-01 1.303999999999999881e-01 2.504199999999999759e-01 1.380899999999999905e-01 1.750000000000000167e-02 2.999999999999999889e-02 5.999999999999999778e-02 4.000000000000000000e+01
2.372000000000000150e-02 2.151399999999999979e-01 4.302999999999999881e-02 2.633800000000000030e-01 1.087999999999999939e-01 2.048200000000000021e-01 1.857900000000000107e-01 1.618999999999999884e-01 9.730000000000000801e-03 6.210000000000000242e-02 9.220000000000000764e-03 2.000000000000000042e-02 4.000000000000000083e-02 4.700000000000000000e+01
1.133699999999999986e-01 4.685999999999999888e-02 1.228100000000000025e-01 2.177900000000000114e-01 2.021799999999999986e-01 1.974299999999999944e-01 1.112999999999999962e-01 1.228800000000000031e-01 6.432999999999999829e-02 2.710500000000000131e-01 1.101899999999999963e-01 1.100000000000000006e-01 1.199999999999999956e-01 7.600000000000000000e+01
2.226200000000000123e-01 5.469999999999999862e-02 2.439600000000000102e-01 6.508999999999999508e-02 2.277299999999999880e-01 9.424000000000000432e-02 1.222199999999999953e-01 8.938999999999999724e-02 2.162999999999999923e-01 2.291999999999999940e-02 1.774999999999999842e-02 2.999999999999999889e-02 5.999999999999999778e-02 4.200000000000000000e+01
3.830000000000000071e-02 1.869999999999999917e-03 1.490200000000000136e-01 3.070000000000000159e-02 1.866200000000000081e-01 5.603999999999999954e-02 1.199699999999999933e-01 1.095799999999999969e-01 1.117699999999999944e-01 9.363000000000000489e-02 2.950499999999999790e-01 2.300000000000000100e-01 2.600000000000000089e-01 7.200000000000000000e+02
2.169999999999999984e-01 1.295399999999999885e-01 2.650299999999999878e-01 2.160000000000000028e-03 1.776899999999999868e-01 3.079999999999999839e-03 7.077999999999999570e-02 1.651400000000000090e-01 1.681600000000000039e-01 1.924899999999999944e-01 1.958999999999999977e-02 2.999999999999999889e-02 5.000000000000000278e-02 4.800000000000000000e+01
8.519000000000000183e-02 2.992199999999999860e-01 4.053999999999999965e-02 2.971500000000000252e-01 2.710299999999999931e-01 1.488899999999999946e-01 6.886000000000000454e-02 9.392000000000000348e-02 1.616200000000000137e-01 9.615999999999999548e-02 2.870400000000000174e-01 2.800000000000000266e-01 2.999999999999999889e-01 5.500000000000000000e+01
1.527699999999999891e-01 7.130000000000000053e-03 2.457499999999999962e-01 1.303199999999999914e-01 3.860999999999999849e-02 1.107899999999999996e-01 2.744099999999999873e-01 4.720000000000000237e-03 3.488999999999999740e-02 2.261799999999999922e-01 1.382200000000000095e-01 1.300000000000000044e-01 1.400000000000000133e-01 1.340000000000000000e+02
1.082999999999999935e-01 1.579399999999999971e-01 8.454000000000000403e-02 1.403300000000000103e-01 2.177000000000000116e-02 1.215699999999999975e-01 2.014900000000000024e-01 1.087800000000000017e-01 2.593099999999999850e-01 1.625699999999999923e-01 4.086000000000000049e-02 5.000000000000000278e-02 8.000000000000000167e-02 4.000000000000000000e+01
7.510000000000000182e-03 2.636399999999999855e-01 4.426999999999999685e-02 1.284000000000000072e-02 9.769999999999999518e-02 1.409999999999999865e-01 1.073800000000000032e-01 1.763999999999999943e-02 1.468299999999999883e-01 6.128999999999999726e-02 2.117499999999999938e-01 2.099999999999999922e-01 2.300000000000000100e-01 4.600000000000000000e+01
2.776699999999999724e-01 2.464600000000000124e-01 2.389000000000000012e-01 9.059000000000000385e-02 1.750200000000000089e-01 2.222399999999999931e-01 6.957000000000000683e-02 2.505499999999999949e-01 3.384999999999999815e-02 2.267899999999999916e-01 2.971199999999999952e-01 2.899999999999999800e-01 3.099999999999999978e-01 1.620000000000000000e+02
1.658600000000000074e-01 7.759000000000000619e-02 6.060000000000000282e-03 1.699400000000000077e-01 1.784999999999999920e-01 1.290399999999999880e-01 1.236000000000000015e-01 2.777999999999999914e-01 2.929399999999999782e-01 1.439000000000000001e-02 7.126000000000000389e-02 8.000000000000000167e-02 1.100000000000000006e-01 4.400000000000000000e+01
1.979599999999999971e-01 2.813800000000000190e-01 5.623999999999999833e-02 2.863999999999999879e-02 5.756000000000000005e-02 1.451399999999999912e-01 5.680000000000000326e-02 1.663499999999999979e-01 3.456000000000000044e-02 2.554299999999999904e-01 1.384900000000000020e-01 1.400000000000000133e-01 1.600000000000000033e-01 3.700000000000000000e+01
7.768999999999999517e-02 7.856000000000000483e-02 8.565000000000000391e-02 1.558999999999999969e-02 5.645000000000000018e-02 5.630000000000000282e-02 2.476200000000000068e-01 2.416000000000000092e-01 1.923100000000000087e-01 4.540000000000000285e-02 2.633300000000000085e-01 2.200000000000000011e-01 2.399999999999999911e-01 7.200000000000000000e+02
2.349700000000000122e-01 2.904100000000000015e-01 2.646700000000000164e-01 2.717800000000000216e-01 2.780400000000000094e-01 1.584000000000000130e-01 2.323999999999999955e-01 2.165100000000000080e-01 1.688300000000000078e-01 2.530700000000000172e-01 2.072499999999999898e-01 2.099999999999999922e-01 2.200000000000000011e-01 1.200000000000000000e+02
2.278799999999999992e-01 9.847000000000000197e-02 9.835000000000000686e-02 1.731399999999999884e-01 1.736099999999999866e-01 2.558900000000000063e-01 7.346999999999999365e-02 2.404900000000000093e-01 1.781099999999999905e-01 2.105700000000000072e-01 4.402999999999999969e-02 5.000000000000000278e-02 7.000000000000000666e-02 1.060000000000000000e+02
1.490499999999999881e-01 1.543400000000000050e-01 1.017999999999999981e-02 1.590699999999999892e-01 1.160700000000000065e-01 1.927800000000000069e-01 2.028699999999999948e-01 2.126300000000000134e-01 1.072499999999999981e-01 2.172900000000000109e-01 1.258100000000000052e-01 1.300000000000000044e-01 1.400000000000000133e-01 3.700000000000000000e+01
6.253000000000000225e-02 2.973899999999999877e-01 2.368500000000000050e-01 2.957999999999999866e-02 1.136999999999999990e-02 1.847000000000000031e-01 1.700800000000000090e-01 1.973499999999999976e-01 2.054999999999999882e-01 9.034000000000000363e-02 1.969999999999999876e-02 2.999999999999999889e-02 5.999999999999999778e-02 4.000000000000000000e+01
1.904800000000000104e-01 2.554199999999999804e-01 1.748599999999999877e-01 1.848200000000000121e-01 6.845999999999999308e-02 1.838400000000000034e-01 1.033099999999999991e-01 8.674999999999999378e-02 2.519000000000000128e-01 2.794699999999999962e-01 3.568999999999999950e-02 4.000000000000000083e-02 5.999999999999999778e-02 5.100000000000000000e+01
1.996999999999999886e-01 2.298499999999999988e-01 2.477000000000000035e-01 1.497799999999999965e-01 4.007000000000000145e-02 1.496699999999999975e-01 9.549999999999999462e-03 3.404000000000000081e-02 2.359300000000000008e-01 1.087899999999999978e-01 2.103200000000000069e-01 2.099999999999999922e-01 2.300000000000000100e-01 4.500000000000000000e+01
2.927000000000000157e-01 8.192000000000000670e-02 1.937399999999999956e-01 2.124500000000000000e-01 2.898399999999999865e-01 4.825999999999999734e-02 1.590000000000000050e-03 2.995000000000000093e-02 8.641999999999999682e-02 2.277000000000000135e-01 1.110700000000000021e-01 1.100000000000000006e-01 1.300000000000000044e-01 1.250000000000000000e+02
1.548000000000000070e-02 9.571999999999999953e-02 1.373300000000000076e-01 9.153999999999999637e-02 1.668000000000000038e-01 1.392100000000000004e-01 2.165999999999999870e-02 2.755199999999999871e-01 1.976300000000000001e-01 8.605999999999999761e-02 2.848999999999999866e-01 2.500000000000000000e-01 2.800000000000000266e-01 7.200000000000000000e+02
4.000000000000000083e-03 2.745900000000000007e-01 2.798800000000000177e-01 4.698000000000000093e-02 1.837100000000000122e-01 2.154300000000000104e-01 3.314000000000000279e-02 2.381800000000000028e-01 1.067099999999999993e-01 2.405400000000000038e-01 3.166999999999999676e-02 4.000000000000000083e-02 5.999999999999999778e-02 3.700000000000000000e+01
2.820799999999999974e-01 1.107699999999999935e-01 2.800300000000000011e-01 2.954999999999999988e-02 2.841899999999999982e-01 2.426099999999999923e-01 1.679599999999999982e-01 1.450100000000000000e-01 1.456099999999999894e-01 3.089000000000000079e-02 2.615700000000000247e-01 2.500000000000000000e-01 2.700000000000000178e-01 2.100000000000000000e+02
1.943300000000000027e-01 7.996000000000000330e-02 1.881500000000000117e-01 1.180299999999999960e-01 1.480000000000000066e-02 8.004999999999999616e-02 2.088000000000000134e-01 8.344999999999999640e-02 1.979599999999999971e-01 8.210000000000000631e-02 7.020000000000000198e-03 2.000000000000000042e-02 5.999999999999999778e-02 4.000000000000000000e+01
1.293799999999999950e-01 2.534299999999999886e-01 2.879200000000000093e-01 4.938000000000000028e-02 1.634999999999999995e-02 7.190000000000000210e-03 1.204299999999999954e-01 2.349600000000000022e-01 1.521699999999999997e-01 1.674299999999999955e-01 1.330099999999999894e-01 1.400000000000000133e-01 1.499999999999999944e-01 4.800000000000000000e+01
2.864099999999999979e-01 2.137199999999999933e-01 1.553900000000000003e-01 7.356999999999999651e-02 1.892199999999999993e-01 2.766399999999999970e-01 1.603700000000000125e-01 2.458899999999999975e-01 2.654500000000000193e-01 2.323900000000000132e-01 9.045000000000000262e-02 1.000000000000000056e-01 1.199999999999999956e-01 4.000000000000000000e+01
1.206200000000000050e-01 1.328000000000000014e-02 5.587999999999999912e-02 2.083099999999999952e-01 2.071600000000000108e-01 2.260199999999999987e-01 2.037599999999999967e-01 4.549999999999999878e-02 1.673199999999999965e-01 2.777499999999999969e-01 1.177300000000000013e-01 1.199999999999999956e-01 1.300000000000000044e-01 1.430000000000000000e+02
2.676799999999999735e-01 1.364799999999999902e-01 2.745900000000000007e-01 2.067499999999999893e-01 2.826199999999999823e-01 1.988099999999999867e-01 2.629000000000000087e-02 1.738599999999999868e-01 3.144999999999999879e-02 5.093000000000000305e-02 1.902099999999999902e-01 1.900000000000000022e-01 2.099999999999999922e-01 1.090000000000000000e+02
2.237000000000000099e-01 2.615999999999999992e-01 2.307700000000000029e-01 3.692999999999999755e-02 2.991900000000000115e-01 2.210100000000000120e-01 2.745600000000000263e-01 2.728300000000000169e-01 4.950000000000000407e-03 2.186899999999999955e-01 1.370300000000000129e-01 1.400000000000000133e-01 1.499999999999999944e-01 3.700000000000000000e+01
1.643699999999999883e-01 2.996599999999999819e-01 1.668999999999999997e-02 8.689999999999999808e-03 1.860199999999999909e-01 3.100999999999999937e-02 2.638699999999999934e-01 9.492000000000000437e-02 2.483499999999999874e-01 2.712499999999999911e-01 1.432599999999999985e-01 1.499999999999999944e-01 1.600000000000000033e-01 5.000000000000000000e+01
1.703500000000000014e-01 2.576499999999999901e-01 1.625000000000000056e-02 2.158499999999999863e-01 1.149400000000000005e-01 6.743000000000000382e-02 9.242000000000000215e-02 1.914599999999999913e-01 1.087800000000000017e-01 5.480000000000000149e-02 2.345599999999999907e-01 2.300000000000000100e-01 2.500000000000000000e-01 4.800000000000000000e+01
2.961799999999999988e-01 1.454000000000000084e-02 1.272500000000000020e-01 2.971400000000000152e-01 2.053500000000000048e-01 1.869899999999999896e-01 8.654000000000000581e-02 1.947500000000000064e-01 1.912300000000000111e-01 2.312000000000000166e-02 5.748999999999999944e-02 5.999999999999999778e-02 8.999999999999999667e-02 4.700000000000000000e+01
1.567999999999999949e-01 8.999999999999999320e-03 9.905999999999999528e-02 1.446800000000000030e-01 2.964600000000000013e-01 2.048000000000000168e-02 1.046200000000000047e-01 8.942999999999999561e-02 1.645999999999999963e-01 2.732899999999999774e-01 1.705399999999999971e-01 1.600000000000000033e-01 1.799999999999999933e-01 2.200000000000000000e+02
5.942999999999999672e-02 1.143499999999999933e-01 1.016699999999999965e-01 1.302899999999999892e-01 1.752599999999999991e-01 2.864399999999999724e-01 7.510000000000000182e-03 1.399999999999999877e-04 3.404000000000000081e-02 2.882100000000000217e-01 1.095799999999999969e-01 1.100000000000000006e-01 1.300000000000000044e-01 4.600000000000000000e+01
1.660999999999999976e-01 6.894999999999999740e-02 2.843800000000000217e-01 3.964999999999999775e-02 2.211400000000000032e-01 3.592999999999999666e-02 1.702200000000000102e-01 7.298000000000000320e-02 1.038000000000000034e-01 1.326600000000000001e-01 1.271299999999999930e-01 1.300000000000000044e-01 1.499999999999999944e-01 7.300000000000000000e+01
5.111999999999999877e-02 1.794999999999999929e-01 2.010399999999999965e-01 2.868200000000000194e-01 1.882800000000000029e-01 7.588999999999999913e-02 4.440000000000000197e-02 1.774199999999999944e-01 1.535100000000000076e-01 4.741000000000000075e-02 1.406499999999999972e-01 1.400000000000000133e-01 1.700000000000000122e-01 4.100000000000000000e+01
1.144000000000000052e-02 1.330699999999999938e-01 1.369799999999999907e-01 1.204999999999999995e-02 2.242099999999999926e-01 2.300200000000000022e-01 9.941999999999999449e-02 1.530499999999999916e-01 5.453999999999999820e-02 8.382000000000000561e-02 1.665899999999999881e-01 1.700000000000000122e-01 1.900000000000000022e-01 7.300000000000000000e+01
7.419000000000000594e-02 6.309999999999999637e-03 8.515999999999999959e-02 2.635700000000000265e-01 1.842900000000000094e-01 2.951400000000000134e-01 1.190000000000000085e-02 2.878999999999999962e-02 1.582899999999999863e-01 6.621000000000000496e-02 1.824999999999999956e-01 1.700000000000000122e-01 1.900000000000000022e-01 1.310000000000000000e+02
1.155800000000000022e-01 2.468700000000000061e-01 1.683499999999999996e-01 1.144600000000000062e-01 2.011900000000000077e-01 5.083000000000000018e-02 2.314199999999999868e-01 2.197600000000000109e-01 2.657200000000000117e-01 2.066500000000000004e-01 1.703099999999999892e-01 1.700000000000000122e-01 2.000000000000000111e-01 4.000000000000000000e+01
2.353999999999999981e-01 1.677700000000000025e-01 1.012600000000000028e-01 1.368099999999999872e-01 1.348999999999999921e-01 2.604099999999999748e-01 1.190699999999999953e-01 2.113800000000000123e-01 2.740299999999999958e-01 8.710000000000000728e-03 1.917399999999999938e-01 1.900000000000000022e-01 2.099999999999999922e-01 6.100000000000000000e+01
2.943500000000000005e-01 5.371000000000000080e-02 2.225999999999999923e-01 2.240300000000000069e-01 2.641299999999999759e-01 2.599899999999999989e-01 5.304999999999999993e-02 2.137999999999999970e-02 2.208900000000000030e-01 2.983700000000000241e-01 1.514099999999999890e-01 1.499999999999999944e-01 1.700000000000000122e-01 1.300000000000000000e+02
2.360200000000000076e-01 2.501900000000000235e-01 1.804499999999999993e-01 5.168999999999999984e-02 6.044000000000000067e-02 2.628900000000000126e-01 1.782199999999999895e-01 2.344700000000000117e-01 2.563000000000000000e-02 1.671300000000000008e-01 2.739900000000000113e-01 2.700000000000000178e-01 2.899999999999999800e-01 1.270000000000000000e+02
1.811099999999999932e-01 2.759099999999999886e-01 7.495999999999999885e-02 8.587000000000000188e-02 2.845900000000000096e-01 1.239699999999999969e-01 6.771000000000000629e-02 2.032700000000000062e-01 3.030000000000000141e-03 1.976199999999999901e-01 1.700099999999999945e-01 1.700000000000000122e-01 1.900000000000000022e-01 3.700000000000000000e+01
4.979000000000000092e-02 9.722999999999999698e-02 2.502000000000000057e-02 2.690999999999999989e-02 2.238300000000000012e-01 3.549999999999999684e-02 7.233000000000000540e-02 9.712999999999999412e-02 2.313000000000000125e-02 1.838500000000000134e-01 2.553400000000000114e-01 2.300000000000000100e-01 2.500000000000000000e-01 7.200000000000000000e+02
