1.000000000000000021e-02 1.400000000000000133e-01 5.849999999999999645e+00 3.979999999999999982e+00 6.945999999999999375e+01 2.839000000000000057e+01 5.280000000000000249e+00 3.229999999999999982e+00 2.199999999999999872e-02 2.148999999999999869e-02 5.000000000000000278e-02 1.900000000000000022e-01 4.400000000000000000e+01
2.000000000000000042e-02 4.400000000000000022e-01 4.469999999999999751e+00 6.480000000000000426e+00 5.235999999999999943e+01 4.271000000000000085e+01 5.049999999999999822e+00 6.139999999999999680e+00 1.499999999999999944e-02 1.334100000000000008e-01 1.499999999999999944e-01 2.300000000000000100e-01 5.000000000000000000e+01
1.000000000000000021e-02 4.299999999999999933e-01 4.000000000000000222e-01 7.169999999999999929e+00 7.268000000000000682e+01 5.907000000000000028e+01 4.099999999999999645e+00 5.150000000000000355e+00 2.299999999999999961e-02 2.346199999999999952e-01 2.600000000000000089e-01 3.900000000000000133e-01 4.300000000000000000e+01
2.000000000000000042e-02 3.200000000000000067e-01 1.620000000000000107e+00 7.690000000000000391e+00 5.763000000000000256e+01 5.315999999999999659e+01 7.599999999999999645e+00 2.779999999999999805e+00 2.199999999999999872e-02 2.580399999999999916e-01 2.800000000000000266e-01 3.800000000000000044e-01 5.900000000000000000e+01
4.000000000000000083e-02 4.799999999999999822e-01 5.379999999999999893e+00 8.349999999999999645e+00 1.107000000000000028e+01 5.578000000000000114e+01 1.449999999999999956e+00 2.339999999999999858e+00 2.100000000000000130e-02 7.634000000000000508e-02 8.999999999999999667e-02 1.100000000000000006e-01 5.500000000000000000e+01
1.000000000000000021e-02 2.300000000000000100e-01 6.490000000000000213e+00 2.649999999999999911e+00 5.372999999999999687e+01 7.473000000000000398e+01 3.790000000000000036e+00 3.520000000000000018e+00 2.100000000000000130e-02 2.345700000000000007e-01 2.500000000000000000e-01 3.300000000000000155e-01 4.300000000000000000e+01
2.000000000000000042e-02 7.000000000000000666e-02 2.959999999999999964e+00 7.179999999999999716e+00 2.198000000000000043e+01 3.831000000000000227e+01 8.500000000000000000e+00 2.109999999999999876e+00 2.400000000000000050e-02 2.706500000000000017e-01 2.800000000000000266e-01 3.300000000000000155e-01 1.210000000000000000e+02
2.999999999999999889e-02 3.699999999999999956e-01 3.750000000000000000e+00 4.660000000000000142e+00 4.800000000000000000e+01 3.522999999999999687e+01 7.650000000000000355e+00 6.780000000000000249e+00 1.799999999999999864e-02 6.812999999999999612e-02 8.999999999999999667e-02 1.700000000000000122e-01 5.700000000000000000e+01
1.000000000000000021e-02 8.999999999999999667e-02 8.990000000000000213e+00 9.740000000000000213e+00 1.987000000000000099e+01 3.832000000000000028e+01 7.299999999999999822e-01 5.299999999999999822e+00 1.600000000000000033e-02 1.241700000000000026e-01 1.300000000000000044e-01 1.700000000000000122e-01 4.500000000000000000e+01
2.999999999999999889e-02 2.200000000000000011e-01 7.040000000000000036e+00 9.939999999999999503e+00 5.922999999999999687e+01 3.621000000000000085e+01 4.099999999999999645e+00 4.669999999999999929e+00 1.099999999999999936e-02 2.718200000000000061e-01 2.800000000000000266e-01 3.499999999999999778e-01 4.700000000000000000e+01
2.999999999999999889e-02 5.999999999999999778e-02 8.279999999999999361e+00 2.069999999999999840e+00 1.105000000000000071e+01 7.120999999999999375e+01 2.750000000000000000e+00 2.089999999999999858e+00 2.100000000000000130e-02 2.420700000000000074e-01 2.399999999999999911e-01 2.700000000000000178e-01 5.500000000000000000e+01
5.000000000000000278e-02 4.799999999999999822e-01 1.879999999999999893e+00 7.719999999999999751e+00 2.333999999999999986e+01 5.175999999999999801e+01 9.200000000000000400e-01 3.229999999999999982e+00 2.299999999999999961e-02 1.011999999999999983e-01 1.300000000000000044e-01 2.099999999999999922e-01 8.100000000000000000e+01
4.000000000000000083e-02 5.000000000000000278e-02 2.500000000000000000e+00 7.700000000000000178e+00 6.543999999999999773e+01 5.011999999999999744e+01 2.089999999999999858e+00 4.750000000000000000e+00 1.400000000000000029e-02 2.259400000000000019e-01 2.399999999999999911e-01 3.200000000000000067e-01 5.100000000000000000e+01
4.000000000000000083e-02 1.000000000000000021e-02 2.479999999999999982e+00 4.370000000000000107e+00 5.046999999999999886e+01 6.259000000000000341e+01 7.000000000000000666e-02 6.040000000000000036e+00 1.700000000000000122e-02 1.442900000000000016e-01 1.600000000000000033e-01 2.399999999999999911e-01 6.000000000000000000e+01
1.000000000000000021e-02 4.199999999999999845e-01 5.250000000000000000e+00 9.480000000000000426e+00 6.834000000000000341e+01 7.551000000000000512e+01 2.099999999999999922e-01 2.220000000000000195e+00 2.299999999999999961e-02 1.840299999999999991e-01 2.099999999999999922e-01 2.700000000000000178e-01 8.900000000000000000e+01
2.000000000000000042e-02 4.899999999999999911e-01 2.899999999999999800e-01 4.740000000000000213e+00 7.412999999999999545e+01 5.160999999999999943e+01 5.110000000000000320e+00 3.890000000000000124e+00 1.299999999999999940e-02 1.105300000000000032e-01 1.300000000000000044e-01 2.700000000000000178e-01 4.500000000000000000e+01
2.000000000000000042e-02 3.099999999999999978e-01 4.000000000000000000e+00 6.290000000000000036e+00 1.898999999999999844e+01 6.537999999999999545e+01 8.359999999999999432e+00 5.589999999999999858e+00 1.400000000000000029e-02 1.421499999999999986e-01 1.499999999999999944e-01 1.799999999999999933e-01 4.700000000000000000e+01
5.000000000000000278e-02 8.999999999999999667e-02 4.070000000000000284e+00 2.290000000000000036e+00 4.939999999999999858e+01 3.704999999999999716e+01 1.659999999999999920e+00 2.470000000000000195e+00 1.899999999999999953e-02 7.263999999999999624e-02 8.999999999999999667e-02 1.799999999999999933e-01 6.200000000000000000e+01
5.000000000000000278e-02 1.900000000000000022e-01 3.310000000000000053e+00 6.889999999999999680e+00 6.780000000000000249e+00 4.384000000000000341e+01 9.070000000000000284e+00 3.870000000000000107e+00 1.700000000000000122e-02 2.537300000000000111e-01 2.500000000000000000e-01 2.800000000000000266e-01 1.450000000000000000e+02
5.000000000000000278e-02 4.699999999999999734e-01 4.559999999999999609e+00 7.400000000000000355e+00 7.370999999999999375e+01 6.735999999999999943e+01 5.900000000000000355e+00 5.129999999999999893e+00 2.100000000000000130e-02 7.227000000000000091e-02 1.000000000000000056e-01 2.200000000000000011e-01 5.900000000000000000e+01
2.999999999999999889e-02 4.199999999999999845e-01 2.899999999999999911e+00 2.839999999999999858e+00 5.227000000000000313e+01 3.307999999999999829e+01 8.150000000000000355e+00 3.540000000000000036e+00 1.899999999999999953e-02 5.988000000000000267e-02 8.000000000000000167e-02 1.799999999999999933e-01 5.800000000000000000e+01
1.000000000000000021e-02 2.000000000000000111e-01 8.269999999999999574e+00 5.469999999999999751e+00 5.117999999999999972e+01 5.332000000000000028e+01 3.000000000000000000e+00 6.990000000000000213e+00 1.600000000000000033e-02 2.291999999999999871e-01 2.399999999999999911e-01 3.099999999999999978e-01 4.900000000000000000e+01
2.999999999999999889e-02 3.900000000000000133e-01 5.940000000000000391e+00 5.469999999999999751e+00 3.924000000000000199e+01 3.675000000000000000e+01 5.160000000000000142e+00 5.190000000000000391e+00 1.499999999999999944e-02 2.871299999999999963e-01 2.899999999999999800e-01 3.499999999999999778e-01 5.500000000000000000e+01
4.000000000000000083e-02 3.800000000000000044e-01 5.100000000000000089e-01 8.490000000000000213e+00 2.598000000000000043e+01 6.242000000000000171e+01 7.070000000000000284e+00 3.740000000000000213e+00 1.299999999999999940e-02 1.987999999999999837e-02 4.000000000000000083e-02 1.900000000000000022e-01 4.900000000000000000e+01
2.000000000000000042e-02 4.500000000000000111e-01 3.870000000000000107e+00 5.500000000000000000e+00 5.070000000000000284e+00 2.910000000000000142e+01 4.370000000000000107e+00 2.209999999999999964e+00 1.700000000000000122e-02 1.446399999999999908e-01 1.499999999999999944e-01 1.600000000000000033e-01 5.700000000000000000e+01
2.000000000000000042e-02 2.099999999999999922e-01 5.440000000000000391e+00 2.180000000000000160e+00 6.110000000000000142e+01 2.582999999999999829e+01 3.390000000000000124e+00 4.750000000000000000e+00 1.499999999999999944e-02 2.953000000000000069e-01 2.999999999999999889e-01 3.900000000000000133e-01 4.900000000000000000e+01
4.000000000000000083e-02 2.700000000000000178e-01 6.570000000000000284e+00 9.640000000000000568e+00 1.910000000000000142e+01 7.973000000000000398e+01 5.389999999999999680e+00 5.080000000000000071e+00 1.499999999999999944e-02 1.445899999999999963e-01 1.499999999999999944e-01 1.900000000000000022e-01 6.600000000000000000e+01
5.000000000000000278e-02 2.399999999999999911e-01 8.480000000000000426e+00 7.719999999999999751e+00 3.062000000000000099e+01 6.027000000000000313e+01 8.259999999999999787e+00 5.959999999999999964e+00 1.899999999999999953e-02 7.852000000000000646e-02 8.999999999999999667e-02 1.499999999999999944e-01 6.800000000000000000e+01
2.000000000000000042e-02 4.000000000000000083e-02 9.810000000000000497e+00 3.020000000000000018e+00 7.810999999999999943e+01 5.877000000000000313e+01 3.470000000000000195e+00 6.360000000000000320e+00 1.299999999999999940e-02 1.359100000000000030e-01 1.499999999999999944e-01 2.600000000000000089e-01 4.600000000000000000e+01
2.999999999999999889e-02 4.099999999999999756e-01 1.590000000000000080e+00 3.100000000000000089e+00 1.964999999999999858e+01 5.570000000000000284e+01 5.959999999999999964e+00 2.240000000000000213e+00 1.299999999999999940e-02 2.209099999999999953e-01 2.300000000000000100e-01 2.999999999999999889e-01 5.800000000000000000e+01
2.999999999999999889e-02 3.300000000000000155e-01 7.240000000000000213e+00 7.730000000000000426e+00 3.293999999999999773e+01 6.161999999999999744e+01 8.000000000000000167e-02 2.839999999999999858e+00 2.100000000000000130e-02 2.088800000000000101e-01 2.200000000000000011e-01 2.700000000000000178e-01 4.900000000000000000e+01
1.000000000000000021e-02 4.600000000000000200e-01 8.359999999999999432e+00 8.240000000000000213e+00 7.784000000000000341e+01 5.271000000000000085e+01 7.129999999999999893e+00 3.479999999999999982e+00 1.299999999999999940e-02 9.865000000000000158e-02 1.100000000000000006e-01 2.399999999999999911e-01 4.400000000000000000e+01
2.999999999999999889e-02 4.199999999999999845e-01 7.309999999999999609e+00 8.050000000000000711e+00 6.970000000000000284e+01 6.181000000000000227e+01 5.879999999999999893e+00 3.089999999999999858e+00 1.299999999999999940e-02 2.852500000000000036e-01 2.899999999999999800e-01 3.800000000000000044e-01 4.800000000000000000e+01
2.000000000000000042e-02 4.899999999999999911e-01 5.030000000000000249e+00 2.120000000000000107e+00 1.178999999999999915e+01 6.881000000000000227e+01 3.120000000000000107e+00 6.509999999999999787e+00 2.000000000000000042e-02 2.251700000000000090e-01 2.300000000000000100e-01 2.500000000000000000e-01 5.200000000000000000e+01
2.000000000000000042e-02 1.199999999999999956e-01 6.320000000000000284e+00 5.849999999999999645e+00 6.300000000000000000e+01 4.364000000000000057e+01 4.400000000000000022e-01 6.780000000000000249e+00 1.799999999999999864e-02 1.012799999999999950e-01 1.199999999999999956e-01 2.200000000000000011e-01 5.200000000000000000e+01
2.000000000000000042e-02 3.200000000000000067e-01 3.549999999999999822e+00 8.560000000000000497e+00 7.087000000000000455e+01 7.681000000000000227e+01 5.300000000000000266e-01 5.679999999999999716e+00 1.499999999999999944e-02 1.476000000000000055e-02 4.000000000000000083e-02 1.799999999999999933e-01 4.700000000000000000e+01
1.000000000000000021e-02 4.799999999999999822e-01 3.580000000000000071e+00 4.269999999999999574e+00 1.251999999999999957e+01 3.198999999999999844e+01 6.809999999999999609e+00 2.790000000000000036e+00 2.199999999999999872e-02 1.355699999999999961e-01 1.499999999999999944e-01 1.700000000000000122e-01 4.900000000000000000e+01
1.000000000000000021e-02 3.300000000000000155e-01 3.410000000000000142e+00 6.110000000000000320e+00 6.495999999999999375e+01 6.723999999999999488e+01 8.150000000000000355e+00 6.330000000000000071e+00 1.400000000000000029e-02 6.153000000000000136e-02 8.000000000000000167e-02 2.000000000000000111e-01 4.500000000000000000e+01
1.000000000000000021e-02 3.699999999999999956e-01 3.649999999999999911e+00 6.269999999999999574e+00 5.610000000000000320e+00 3.760999999999999943e+01 8.619999999999999218e+00 2.279999999999999805e+00 1.299999999999999940e-02 6.458999999999999464e-02 7.000000000000000666e-02 8.999999999999999667e-02 4.700000000000000000e+01
4.000000000000000083e-02 1.900000000000000022e-01 4.699999999999999734e-01 2.709999999999999964e+00 2.692999999999999972e+01 5.257999999999999829e+01 7.339999999999999858e+00 4.799999999999999822e+00 1.600000000000000033e-02 2.514199999999999768e-01 2.600000000000000089e-01 3.800000000000000044e-01 5.300000000000000000e+01
2.000000000000000042e-02 4.600000000000000200e-01 5.179999999999999716e+00 5.809999999999999609e+00 1.994000000000000128e+01 7.737999999999999545e+01 8.660000000000000142e+00 4.290000000000000036e+00 1.600000000000000033e-02 2.085400000000000031e-01 2.099999999999999922e-01 2.500000000000000000e-01 4.700000000000000000e+01
4.000000000000000083e-02 2.999999999999999889e-02 6.280000000000000249e+00 7.459999999999999964e+00 2.167000000000000171e+01 6.265999999999999659e+01 7.450000000000000178e+00 6.839999999999999858e+00 2.000000000000000042e-02 1.214500000000000024e-01 1.300000000000000044e-01 1.700000000000000122e-01 5.200000000000000000e+01
4.000000000000000083e-02 4.299999999999999933e-01 8.109999999999999432e+00 6.559999999999999609e+00 8.417000000000000171e+01 4.936999999999999744e+01 1.709999999999999964e+00 5.019999999999999574e+00 1.499999999999999944e-02 2.043399999999999939e-01 2.200000000000000011e-01 3.300000000000000155e-01 5.100000000000000000e+01
4.000000000000000083e-02 4.000000000000000222e-01 9.400000000000000355e+00 3.290000000000000036e+00 5.014000000000000057e+01 6.412000000000000455e+01 2.020000000000000018e+00 5.959999999999999964e+00 1.400000000000000029e-02 1.040999999999999981e-01 1.199999999999999956e-01 2.000000000000000111e-01 5.300000000000000000e+01
4.000000000000000083e-02 4.500000000000000111e-01 5.699999999999999512e-01 5.240000000000000213e+00 6.730000000000000426e+00 5.361999999999999744e+01 5.600000000000000533e-01 6.209999999999999964e+00 1.700000000000000122e-02 1.265000000000000013e-01 1.400000000000000133e-01 2.700000000000000178e-01 5.600000000000000000e+01
2.000000000000000042e-02 2.000000000000000111e-01 2.729999999999999982e+00 2.200000000000000178e+00 3.589000000000000057e+01 4.034000000000000341e+01 3.040000000000000036e+00 3.700000000000000178e+00 1.799999999999999864e-02 9.153999999999999637e-02 1.100000000000000006e-01 1.700000000000000122e-01 6.500000000000000000e+01
2.999999999999999889e-02 2.999999999999999889e-01 7.820000000000000284e+00 8.710000000000000853e+00 4.831000000000000227e+01 5.818999999999999773e+01 9.949999999999999289e+00 4.570000000000000284e+00 1.299999999999999940e-02 9.360000000000000264e-03 2.999999999999999889e-02 1.400000000000000133e-01 4.900000000000000000e+01
4.000000000000000083e-02 4.299999999999999933e-01 4.600000000000000200e-01 2.759999999999999787e+00 5.740000000000000213e+00 2.901000000000000156e+01 7.700000000000000178e-01 5.879999999999999893e+00 2.199999999999999872e-02 1.690000000000000096e-03 4.000000000000000083e-02 2.000000000000000111e-01 5.800000000000000000e+01
4.000000000000000083e-02 8.000000000000000167e-02 7.200000000000000178e+00 7.299999999999999822e+00 1.272000000000000064e+01 5.497999999999999687e+01 1.750000000000000000e+00 5.919999999999999929e+00 1.799999999999999864e-02 1.420200000000000073e-01 1.499999999999999944e-01 1.700000000000000122e-01 5.300000000000000000e+01
2.000000000000000042e-02 4.500000000000000111e-01 6.059999999999999609e+00 2.919999999999999929e+00 4.725000000000000000e+01 7.889000000000000057e+01 8.660000000000000142e+00 5.290000000000000036e+00 1.200000000000000025e-02 2.309900000000000009e-01 2.399999999999999911e-01 3.099999999999999978e-01 4.800000000000000000e+01
2.000000000000000042e-02 2.800000000000000266e-01 2.680000000000000160e+00 3.859999999999999876e+00 7.379999999999999716e+01 3.534000000000000341e+01 9.250000000000000000e+00 2.490000000000000213e+00 1.600000000000000033e-02 2.122400000000000120e-01 2.300000000000000100e-01 3.300000000000000155e-01 4.900000000000000000e+01
1.000000000000000021e-02 1.799999999999999933e-01 3.600000000000000089e+00 3.500000000000000000e+00 3.536999999999999744e+01 4.789999999999999858e+01 3.439999999999999947e+00 2.040000000000000036e+00 2.000000000000000042e-02 1.484600000000000086e-01 1.600000000000000033e-01 2.200000000000000011e-01 4.400000000000000000e+01
5.000000000000000278e-02 4.099999999999999756e-01 4.250000000000000000e+00 5.900000000000000355e+00 7.187999999999999545e+01 3.720000000000000284e+01 2.970000000000000195e+00 5.070000000000000284e+00 1.499999999999999944e-02 1.615199999999999969e-01 1.799999999999999933e-01 2.700000000000000178e-01 5.300000000000000000e+01
2.999999999999999889e-02 1.300000000000000044e-01 5.009999999999999787e+00 3.310000000000000053e+00 1.008999999999999986e+01 6.234000000000000341e+01 6.290000000000000036e+00 4.410000000000000142e+00 2.000000000000000042e-02 4.286999999999999839e-02 5.000000000000000278e-02 8.000000000000000167e-02 5.200000000000000000e+01
5.000000000000000278e-02 3.499999999999999778e-01 7.900000000000000355e+00 4.419999999999999929e+00 1.107000000000000028e+01 6.767000000000000171e+01 2.200000000000000011e-01 3.080000000000000071e+00 2.400000000000000050e-02 6.937000000000000111e-02 8.000000000000000167e-02 1.100000000000000006e-01 5.900000000000000000e+01
1.000000000000000021e-02 1.100000000000000006e-01 6.290000000000000036e+00 8.839999999999999858e+00 6.850000000000000000e+01 3.553000000000000114e+01 2.629999999999999893e+00 5.500000000000000000e+00 1.600000000000000033e-02 1.732899999999999996e-01 1.900000000000000022e-01 2.899999999999999800e-01 4.700000000000000000e+01
2.999999999999999889e-02 1.799999999999999933e-01 4.549999999999999822e+00 6.839999999999999858e+00 3.629999999999999716e+01 3.067000000000000171e+01 8.050000000000000711e+00 4.879999999999999893e+00 1.700000000000000122e-02 2.971699999999999897e-01 2.999999999999999889e-01 3.599999999999999867e-01 5.900000000000000000e+01
1.000000000000000021e-02 3.499999999999999778e-01 5.780000000000000249e+00 7.190000000000000391e+00 5.384000000000000341e+01 5.600999999999999801e+01 1.300000000000000044e-01 6.230000000000000426e+00 2.400000000000000050e-02 7.394000000000000572e-02 1.000000000000000056e-01 2.000000000000000111e-01 4.400000000000000000e+01
1.000000000000000021e-02 3.599999999999999867e-01 5.500000000000000000e+00 2.200000000000000178e+00 1.935999999999999943e+01 2.710999999999999943e+01 6.780000000000000249e+00 6.040000000000000036e+00 2.299999999999999961e-02 1.602300000000000113e-01 1.700000000000000122e-01 2.099999999999999922e-01 4.700000000000000000e+01
1.000000000000000021e-02 1.000000000000000056e-01 4.980000000000000426e+00 5.830000000000000071e+00 1.617000000000000171e+01 7.375000000000000000e+01 2.399999999999999911e-01 3.959999999999999964e+00 1.299999999999999940e-02 2.070999999999999924e-02 2.999999999999999889e-02 8.000000000000000167e-02 5.200000000000000000e+01
2.000000000000000042e-02 3.599999999999999867e-01 9.400000000000000355e+00 6.450000000000000178e+00 1.565000000000000036e+01 7.773000000000000398e+01 5.269999999999999574e+00 5.799999999999999822e+00 2.000000000000000042e-02 1.365500000000000047e-01 1.499999999999999944e-01 1.799999999999999933e-01 4.900000000000000000e+01
1.000000000000000021e-02 1.400000000000000133e-01 7.580000000000000071e+00 7.959999999999999964e+00 5.357999999999999829e+01 3.950999999999999801e+01 8.980000000000000426e+00 2.950000000000000178e+00 1.600000000000000033e-02 1.863000000000000073e-02 4.000000000000000083e-02 1.600000000000000033e-01 4.600000000000000000e+01
1.000000000000000021e-02 2.000000000000000111e-01 6.400000000000000133e-01 2.180000000000000160e+00 4.242999999999999972e+01 4.492999999999999972e+01 8.500000000000000000e+00 2.229999999999999982e+00 1.799999999999999864e-02 6.446999999999999953e-02 8.999999999999999667e-02 2.399999999999999911e-01 4.900000000000000000e+01
4.000000000000000083e-02 1.300000000000000044e-01 6.839999999999999858e+00 7.700000000000000178e+00 1.682999999999999829e+01 4.200000000000000000e+01 6.910000000000000142e+00 2.750000000000000000e+00 1.700000000000000122e-02 2.752100000000000102e-01 2.800000000000000266e-01 3.099999999999999978e-01 5.100000000000000000e+01
2.999999999999999889e-02 4.500000000000000111e-01 4.610000000000000320e+00 5.190000000000000391e+00 7.367000000000000171e+01 4.092000000000000171e+01 2.040000000000000036e+00 4.500000000000000000e+00 1.499999999999999944e-02 1.481200000000000017e-01 1.600000000000000033e-01 2.700000000000000178e-01 5.000000000000000000e+01
2.000000000000000042e-02 4.400000000000000022e-01 9.140000000000000568e+00 2.149999999999999911e+00 2.373000000000000043e+01 3.150000000000000000e+01 5.899999999999999689e-01 5.419999999999999929e+00 1.700000000000000122e-02 6.443999999999999728e-02 8.000000000000000167e-02 1.300000000000000044e-01 4.700000000000000000e+01
2.000000000000000042e-02 4.699999999999999734e-01 2.999999999999999889e-01 6.780000000000000249e+00 2.657000000000000028e+01 3.032000000000000028e+01 5.030000000000000249e+00 2.410000000000000142e+00 2.100000000000000130e-02 1.944500000000000117e-01 2.099999999999999922e-01 3.400000000000000244e-01 5.400000000000000000e+01
4.000000000000000083e-02 4.000000000000000083e-02 4.690000000000000391e+00 7.860000000000000320e+00 4.367000000000000171e+01 6.779999999999999716e+01 4.129999999999999893e+00 4.620000000000000107e+00 1.600000000000000033e-02 2.328099999999999892e-01 2.399999999999999911e-01 3.099999999999999978e-01 5.700000000000000000e+01
5.000000000000000278e-02 1.799999999999999933e-01 7.790000000000000036e+00 3.680000000000000160e+00 3.806000000000000227e+01 3.139000000000000057e+01 1.699999999999999956e+00 4.240000000000000213e+00 1.899999999999999953e-02 3.447999999999999676e-02 5.000000000000000278e-02 1.300000000000000044e-01 6.400000000000000000e+01
2.999999999999999889e-02 4.699999999999999734e-01 6.839999999999999858e+00 6.019999999999999574e+00 3.545000000000000284e+01 5.006000000000000227e+01 5.320000000000000284e+00 4.780000000000000249e+00 1.400000000000000029e-02 2.582300000000000151e-01 2.600000000000000089e-01 3.200000000000000067e-01 5.500000000000000000e+01
1.000000000000000021e-02 2.000000000000000042e-02 6.790000000000000036e+00 7.179999999999999716e+00 5.678000000000000114e+01 5.329999999999999716e+01 8.990000000000000213e+00 2.720000000000000195e+00 1.700000000000000122e-02 7.205000000000000293e-02 8.999999999999999667e-02 1.900000000000000022e-01 4.800000000000000000e+01
2.000000000000000042e-02 2.500000000000000000e-01 5.009999999999999787e+00 8.580000000000000071e+00 6.367999999999999972e+01 2.764000000000000057e+01 1.399999999999999911e+00 3.479999999999999982e+00 2.100000000000000130e-02 7.573000000000000564e-02 1.000000000000000056e-01 1.799999999999999933e-01 7.800000000000000000e+01
1.000000000000000021e-02 1.400000000000000133e-01 5.129999999999999893e+00 8.480000000000000426e+00 2.539000000000000057e+01 6.481999999999999318e+01 3.549999999999999822e+00 5.070000000000000284e+00 1.899999999999999953e-02 1.138399999999999967e-01 1.300000000000000044e-01 1.799999999999999933e-01 4.500000000000000000e+01
1.000000000000000021e-02 2.300000000000000100e-01 7.059999999999999609e+00 6.059999999999999609e+00 4.414999999999999858e+01 4.859000000000000341e+01 3.910000000000000142e+00 5.019999999999999574e+00 1.400000000000000029e-02 2.957500000000000129e-01 2.999999999999999889e-01 3.699999999999999956e-01 4.700000000000000000e+01
2.000000000000000042e-02 2.500000000000000000e-01 1.780000000000000027e+00 9.750000000000000000e+00 6.980000000000000426e+00 7.076000000000000512e+01 5.910000000000000142e+00 4.500000000000000000e+00 1.600000000000000033e-02 7.344000000000000528e-02 8.999999999999999667e-02 1.700000000000000122e-01 6.800000000000000000e+01
2.999999999999999889e-02 2.200000000000000011e-01 7.620000000000000107e+00 5.660000000000000142e+00 1.069999999999999929e+01 2.571000000000000085e+01 4.459999999999999964e+00 5.349999999999999645e+00 2.100000000000000130e-02 7.839999999999999747e-02 8.999999999999999667e-02 1.199999999999999956e-01 5.300000000000000000e+01
1.000000000000000021e-02 5.999999999999999778e-02 1.580000000000000071e+00 4.900000000000000355e+00 6.129999999999999893e+00 7.223000000000000398e+01 9.000000000000000000e+00 5.339999999999999858e+00 1.600000000000000033e-02 2.124399999999999900e-01 2.200000000000000011e-01 2.999999999999999889e-01 6.200000000000000000e+01
2.000000000000000042e-02 2.300000000000000100e-01 9.220000000000000639e+00 2.370000000000000107e+00 2.546000000000000085e+01 6.250999999999999801e+01 6.490000000000000213e+00 6.419999999999999929e+00 1.200000000000000025e-02 2.353600000000000136e-01 2.399999999999999911e-01 2.800000000000000266e-01 5.200000000000000000e+01
4.000000000000000083e-02 5.000000000000000278e-02 2.509999999999999787e+00 7.639999999999999680e+00 4.679999999999999716e+01 5.964999999999999858e+01 7.259999999999999787e+00 2.419999999999999929e+00 1.700000000000000122e-02 1.095999999999999926e-02 4.000000000000000083e-02 1.400000000000000133e-01 5.800000000000000000e+01
4.000000000000000083e-02 1.700000000000000122e-01 2.060000000000000053e+00 2.979999999999999982e+00 2.367999999999999972e+01 6.912000000000000455e+01 2.629999999999999893e+00 3.250000000000000000e+00 1.600000000000000033e-02 1.837199999999999944e-01 2.000000000000000111e-01 2.600000000000000089e-01 7.000000000000000000e+01
2.000000000000000042e-02 1.400000000000000133e-01 6.070000000000000284e+00 9.630000000000000782e+00 1.425999999999999979e+01 2.651999999999999957e+01 3.839999999999999858e+00 4.400000000000000355e+00 1.700000000000000122e-02 1.958000000000000018e-02 2.999999999999999889e-02 8.000000000000000167e-02 4.800000000000000000e+01
2.000000000000000042e-02 4.000000000000000083e-02 7.089999999999999858e+00 3.060000000000000053e+00 3.225999999999999801e+01 7.604000000000000625e+01 9.800000000000000711e+00 3.970000000000000195e+00 1.499999999999999944e-02 1.119999999999999902e-03 2.000000000000000042e-02 1.100000000000000006e-01 5.000000000000000000e+01
2.000000000000000042e-02 3.699999999999999956e-01 7.089999999999999858e+00 3.549999999999999822e+00 9.900000000000000355e+00 5.395000000000000284e+01 8.800000000000000711e+00 2.189999999999999947e+00 1.400000000000000029e-02 5.745000000000000107e-02 5.999999999999999778e-02 8.999999999999999667e-02 4.700000000000000000e+01
4.000000000000000083e-02 2.600000000000000089e-01 9.179999999999999716e+00 5.990000000000000213e+00 5.154999999999999716e+01 4.472999999999999687e+01 1.830000000000000071e+00 4.410000000000000142e+00 2.000000000000000042e-02 1.160000000000000007e-03 2.999999999999999889e-02 1.499999999999999944e-01 5.600000000000000000e+01
5.000000000000000278e-02 2.500000000000000000e-01 6.049999999999999822e+00 8.820000000000000284e+00 5.517999999999999972e+01 5.867999999999999972e+01 7.269999999999999574e+00 4.049999999999999822e+00 2.000000000000000042e-02 2.806100000000000261e-01 2.899999999999999800e-01 3.699999999999999956e-01 6.300000000000000000e+01
2.999999999999999889e-02 4.000000000000000083e-02 7.099999999999999645e-01 9.970000000000000639e+00 5.925000000000000000e+01 6.471999999999999886e+01 3.089999999999999858e+00 5.980000000000000426e+00 2.299999999999999961e-02 1.982200000000000073e-01 2.200000000000000011e-01 3.499999999999999778e-01 5.800000000000000000e+01
4.000000000000000083e-02 1.199999999999999956e-01 9.490000000000000213e+00 8.529999999999999361e+00 6.484000000000000341e+01 4.021000000000000085e+01 5.000000000000000000e+00 4.209999999999999964e+00 2.000000000000000042e-02 2.082900000000000029e-01 2.200000000000000011e-01 2.999999999999999889e-01 6.900000000000000000e+01
1.000000000000000021e-02 3.099999999999999978e-01 6.299999999999999822e+00 9.919999999999999929e+00 6.987999999999999545e+01 7.929999999999999716e+01 9.970000000000000639e+00 4.950000000000000178e+00 1.899999999999999953e-02 2.735099999999999754e-01 2.899999999999999800e-01 3.900000000000000133e-01 4.500000000000000000e+01
2.000000000000000042e-02 4.799999999999999822e-01 7.959999999999999964e+00 6.839999999999999858e+00 5.825000000000000000e+01 3.253000000000000114e+01 1.040000000000000036e+00 4.509999999999999787e+00 1.799999999999999864e-02 3.618999999999999995e-02 5.999999999999999778e-02 1.700000000000000122e-01 5.200000000000000000e+01
4.000000000000000083e-02 3.300000000000000155e-01 9.859999999999999432e+00 3.270000000000000018e+00 1.642999999999999972e+01 6.801999999999999602e+01 4.549999999999999822e+00 4.150000000000000355e+00 2.400000000000000050e-02 1.439999999999999961e-02 4.000000000000000083e-02 8.999999999999999667e-02 8.200000000000000000e+01
4.000000000000000083e-02 5.000000000000000000e-01 1.580000000000000071e+00 6.589999999999999858e+00 6.685999999999999943e+01 6.443000000000000682e+01 7.309999999999999609e+00 3.270000000000000018e+00 2.299999999999999961e-02 1.869899999999999896e-01 2.099999999999999922e-01 3.200000000000000067e-01 6.300000000000000000e+01
2.000000000000000042e-02 8.999999999999999667e-02 6.899999999999999467e-01 5.480000000000000426e+00 5.482999999999999829e+01 5.275000000000000000e+01 7.139999999999999680e+00 4.900000000000000355e+00 1.700000000000000122e-02 1.313900000000000068e-01 1.499999999999999944e-01 2.800000000000000266e-01 5.100000000000000000e+01
2.000000000000000042e-02 1.199999999999999956e-01 3.660000000000000142e+00 9.029999999999999361e+00 2.367999999999999972e+01 4.528000000000000114e+01 2.200000000000000011e-01 6.910000000000000142e+00 1.700000000000000122e-02 1.539200000000000013e-01 1.600000000000000033e-01 2.000000000000000111e-01 4.700000000000000000e+01
4.000000000000000083e-02 2.500000000000000000e-01 1.780000000000000027e+00 9.250000000000000000e+00 4.990999999999999659e+01 7.396999999999999886e+01 2.669999999999999929e+00 3.319999999999999840e+00 2.000000000000000042e-02 1.685999999999999999e-02 5.000000000000000278e-02 1.799999999999999933e-01 6.100000000000000000e+01
2.999999999999999889e-02 1.199999999999999956e-01 8.789999999999999147e+00 2.500000000000000000e+00 4.917999999999999972e+01 4.009000000000000341e+01 1.699999999999999956e+00 3.500000000000000000e+00 1.899999999999999953e-02 1.906599999999999961e-01 2.000000000000000111e-01 2.800000000000000266e-01 6.000000000000000000e+01
2.000000000000000042e-02 4.799999999999999822e-01 2.800000000000000266e-01 5.500000000000000000e+00 7.262000000000000455e+01 6.782999999999999829e+01 9.810000000000000497e+00 3.759999999999999787e+00 1.499999999999999944e-02 1.469699999999999895e-01 1.600000000000000033e-01 2.999999999999999889e-01 4.700000000000000000e+01
4.000000000000000083e-02 4.500000000000000111e-01 2.020000000000000018e+00 9.210000000000000853e+00 5.809999999999999609e+00 3.647999999999999687e+01 1.129999999999999893e+00 6.309999999999999609e+00 1.600000000000000033e-02 1.087899999999999978e-01 1.199999999999999956e-01 1.900000000000000022e-01 8.200000000000000000e+01
1.000000000000000021e-02 3.300000000000000155e-01 8.410000000000000142e+00 4.480000000000000426e+00 7.929999999999999716e+00 6.145000000000000284e+01 1.399999999999999911e+00 3.990000000000000213e+00 1.899999999999999953e-02 1.895300000000000040e-01 1.900000000000000022e-01 2.099999999999999922e-01 5.100000000000000000e+01
4.000000000000000083e-02 1.100000000000000006e-01 3.720000000000000195e+00 5.820000000000000284e+00 7.245000000000000284e+01 5.093999999999999773e+01 2.640000000000000124e+00 6.160000000000000142e+00 2.299999999999999961e-02 1.503500000000000114e-01 1.700000000000000122e-01 2.800000000000000266e-01 6.100000000000000000e+01
1.000000000000000021e-02 2.800000000000000266e-01 9.140000000000000568e+00 7.450000000000000178e+00 6.320000000000000284e+00 2.567999999999999972e+01 5.639999999999999680e+00 3.890000000000000124e+00 1.499999999999999944e-02 1.362800000000000122e-01 1.400000000000000133e-01 1.600000000000000033e-01 5.000000000000000000e+01
2.000000000000000042e-02 2.000000000000000111e-01 7.269999999999999574e+00 3.060000000000000053e+00 4.106000000000000227e+01 6.154999999999999716e+01 6.379999999999999893e+00 6.629999999999999893e+00 1.700000000000000122e-02 1.170000000000000033e-02 2.999999999999999889e-02 1.300000000000000044e-01 5.300000000000000000e+01
2.000000000000000042e-02 3.300000000000000155e-01 7.669999999999999929e+00 6.650000000000000355e+00 5.742999999999999972e+01 6.626000000000000512e+01 3.379999999999999893e+00 2.950000000000000178e+00 1.400000000000000029e-02 3.166000000000000064e-02 5.000000000000000278e-02 1.600000000000000033e-01 4.800000000000000000e+01
4.000000000000000083e-02 1.000000000000000021e-02 6.480000000000000426e+00 6.379999999999999893e+00 8.112999999999999545e+01 7.740000000000000568e+01 4.019999999999999574e+00 5.030000000000000249e+00 2.199999999999999872e-02 4.572999999999999982e-02 8.000000000000000167e-02 2.200000000000000011e-01 5.700000000000000000e+01
4.000000000000000083e-02 2.999999999999999889e-02 6.219999999999999751e+00 7.269999999999999574e+00 4.715999999999999659e+01 5.935999999999999943e+01 3.709999999999999964e+00 4.639999999999999680e+00 1.200000000000000025e-02 1.460500000000000131e-01 1.600000000000000033e-01 2.300000000000000100e-01 5.100000000000000000e+01
1.000000000000000021e-02 2.099999999999999922e-01 3.080000000000000071e+00 3.020000000000000018e+00 6.968999999999999773e+01 2.544999999999999929e+01 1.030000000000000027e+00 3.029999999999999805e+00 2.000000000000000042e-02 2.160600000000000021e-01 2.300000000000000100e-01 3.300000000000000155e-01 4.300000000000000000e+01
2.999999999999999889e-02 4.699999999999999734e-01 5.190000000000000391e+00 6.320000000000000284e+00 2.417999999999999972e+01 5.446999999999999886e+01 9.599999999999999645e+00 3.959999999999999964e+00 1.200000000000000025e-02 5.258000000000000174e-02 5.999999999999999778e-02 1.199999999999999956e-01 5.300000000000000000e+01
2.999999999999999889e-02 3.300000000000000155e-01 6.230000000000000426e+00 2.259999999999999787e+00 1.871999999999999886e+01 5.290999999999999659e+01 4.360000000000000320e+00 5.830000000000000071e+00 1.099999999999999936e-02 2.186800000000000133e-01 2.200000000000000011e-01 2.500000000000000000e-01 5.500000000000000000e+01
2.000000000000000042e-02 1.600000000000000033e-01 3.330000000000000071e+00 5.370000000000000107e+00 4.703999999999999915e+01 5.628000000000000114e+01 9.759999999999999787e+00 5.110000000000000320e+00 1.299999999999999940e-02 2.998199999999999754e-01 3.099999999999999978e-01 3.699999999999999956e-01 4.900000000000000000e+01
5.000000000000000278e-02 7.000000000000000666e-02 7.669999999999999929e+00 8.320000000000000284e+00 4.359000000000000341e+01 4.365999999999999659e+01 2.080000000000000071e+00 3.490000000000000213e+00 1.400000000000000029e-02 5.748999999999999944e-02 7.000000000000000666e-02 1.499999999999999944e-01 5.500000000000000000e+01
5.000000000000000278e-02 2.700000000000000178e-01 9.399999999999999467e-01 6.919999999999999929e+00 2.369000000000000128e+01 7.154000000000000625e+01 9.470000000000000639e+00 2.790000000000000036e+00 1.600000000000000033e-02 1.092899999999999983e-01 1.300000000000000044e-01 2.399999999999999911e-01 5.800000000000000000e+01
4.000000000000000083e-02 3.800000000000000044e-01 9.599999999999999645e+00 2.180000000000000160e+00 4.832999999999999829e+01 5.553000000000000114e+01 7.080000000000000071e+00 3.660000000000000142e+00 1.600000000000000033e-02 9.733999999999999597e-02 1.100000000000000006e-01 1.900000000000000022e-01 5.600000000000000000e+01
1.000000000000000021e-02 2.800000000000000266e-01 8.169999999999999929e+00 2.290000000000000036e+00 2.855000000000000071e+01 3.039000000000000057e+01 8.789999999999999147e+00 2.200000000000000178e+00 2.299999999999999961e-02 2.224500000000000088e-01 2.300000000000000100e-01 2.899999999999999800e-01 4.500000000000000000e+01
2.999999999999999889e-02 1.900000000000000022e-01 8.919999999999999929e+00 9.240000000000000213e+00 2.701999999999999957e+01 5.071000000000000085e+01 9.349999999999999645e+00 2.819999999999999840e+00 2.000000000000000042e-02 2.933799999999999741e-01 2.999999999999999889e-01 3.400000000000000244e-01 4.800000000000000000e+01
2.000000000000000042e-02 1.600000000000000033e-01 7.950000000000000178e+00 5.419999999999999929e+00 1.024000000000000021e+01 7.401000000000000512e+01 7.200000000000000178e+00 3.819999999999999840e+00 1.600000000000000033e-02 1.293300000000000005e-01 1.300000000000000044e-01 1.600000000000000033e-01 4.900000000000000000e+01
2.000000000000000042e-02 2.800000000000000266e-01 9.550000000000000711e+00 2.589999999999999858e+00 1.425999999999999979e+01 6.118999999999999773e+01 4.179999999999999716e+00 3.299999999999999822e+00 2.199999999999999872e-02 2.455100000000000060e-01 2.500000000000000000e-01 2.800000000000000266e-01 5.100000000000000000e+01
2.999999999999999889e-02 5.999999999999999778e-02 4.459999999999999964e+00 3.580000000000000071e+00 6.090999999999999659e+01 5.515999999999999659e+01 6.480000000000000426e+00 2.229999999999999982e+00 2.000000000000000042e-02 9.694999999999999452e-02 1.199999999999999956e-01 2.200000000000000011e-01 5.700000000000000000e+01
2.000000000000000042e-02 2.500000000000000000e-01 5.679999999999999716e+00 4.599999999999999645e+00 5.721000000000000085e+01 7.515000000000000568e+01 6.599999999999999645e+00 3.819999999999999840e+00 2.100000000000000130e-02 8.810999999999999388e-02 1.100000000000000006e-01 2.099999999999999922e-01 5.700000000000000000e+01
2.999999999999999889e-02 2.999999999999999889e-01 9.869999999999999218e+00 3.370000000000000107e+00 3.464000000000000057e+01 7.667000000000000171e+01 8.399999999999999689e-01 3.160000000000000142e+00 1.299999999999999940e-02 1.809199999999999975e-01 1.900000000000000022e-01 2.399999999999999911e-01 5.300000000000000000e+01
1.000000000000000021e-02 1.600000000000000033e-01 6.700000000000000178e+00 2.339999999999999858e+00 6.570999999999999375e+01 7.798999999999999488e+01 3.770000000000000018e+00 2.879999999999999893e+00 1.700000000000000122e-02 1.457900000000000029e-01 1.600000000000000033e-01 2.600000000000000089e-01 4.800000000000000000e+01
2.999999999999999889e-02 8.999999999999999667e-02 4.709999999999999964e+00 8.660000000000000142e+00 9.349999999999999645e+00 3.903000000000000114e+01 5.150000000000000355e+00 2.490000000000000213e+00 1.600000000000000033e-02 2.082700000000000107e-01 2.099999999999999922e-01 2.300000000000000100e-01 5.300000000000000000e+01
2.000000000000000042e-02 4.699999999999999734e-01 8.210000000000000853e+00 3.169999999999999929e+00 3.939000000000000057e+01 6.995999999999999375e+01 9.199999999999999289e+00 3.450000000000000178e+00 1.200000000000000025e-02 2.393599999999999894e-01 2.500000000000000000e-01 2.999999999999999889e-01 4.900000000000000000e+01
5.000000000000000278e-02 5.000000000000000278e-02 7.790000000000000036e+00 4.440000000000000391e+00 5.596999999999999886e+01 6.926999999999999602e+01 4.199999999999999845e-01 2.759999999999999787e+00 1.299999999999999940e-02 7.743999999999999495e-02 8.999999999999999667e-02 1.799999999999999933e-01 5.200000000000000000e+01
1.000000000000000021e-02 4.799999999999999822e-01 5.059999999999999609e+00 5.509999999999999787e+00 1.161999999999999922e+01 3.112000000000000099e+01 9.109999999999999432e+00 4.969999999999999751e+00 2.199999999999999872e-02 9.446999999999999842e-02 1.100000000000000006e-01 1.300000000000000044e-01 4.900000000000000000e+01
1.000000000000000021e-02 5.000000000000000000e-01 6.820000000000000284e+00 4.490000000000000213e+00 6.831999999999999318e+01 5.928999999999999915e+01 2.319999999999999840e+00 4.669999999999999929e+00 2.000000000000000042e-02 9.407000000000000084e-02 1.199999999999999956e-01 2.300000000000000100e-01 4.300000000000000000e+01
4.000000000000000083e-02 5.000000000000000000e-01 3.229999999999999982e+00 4.679999999999999716e+00 5.168999999999999773e+01 7.987999999999999545e+01 9.899999999999999911e-01 3.080000000000000071e+00 1.799999999999999864e-02 1.239999999999999991e-01 1.400000000000000133e-01 2.200000000000000011e-01 5.900000000000000000e+01
4.000000000000000083e-02 2.000000000000000111e-01 9.060000000000000497e+00 3.589999999999999858e+00 1.193999999999999950e+01 5.657999999999999829e+01 1.310000000000000053e+00 4.169999999999999929e+00 2.299999999999999961e-02 1.638100000000000112e-01 1.700000000000000122e-01 2.000000000000000111e-01 5.800000000000000000e+01
2.999999999999999889e-02 3.599999999999999867e-01 6.759999999999999787e+00 8.810000000000000497e+00 2.432999999999999829e+01 7.309999999999999432e+01 4.700000000000000178e+00 2.580000000000000071e+00 1.299999999999999940e-02 7.642000000000000182e-02 8.999999999999999667e-02 1.400000000000000133e-01 5.600000000000000000e+01
2.000000000000000042e-02 1.100000000000000006e-01 8.169999999999999929e+00 3.330000000000000071e+00 6.543999999999999773e+01 4.114000000000000057e+01 5.950000000000000178e+00 4.410000000000000142e+00 1.700000000000000122e-02 1.911499999999999866e-01 2.099999999999999922e-01 2.999999999999999889e-01 5.000000000000000000e+01
2.000000000000000042e-02 2.000000000000000111e-01 8.230000000000000426e+00 4.950000000000000178e+00 1.746999999999999886e+01 6.507999999999999829e+01 2.999999999999999889e-02 6.049999999999999822e+00 1.799999999999999864e-02 9.424000000000000432e-02 1.000000000000000056e-01 1.400000000000000133e-01 4.700000000000000000e+01
2.000000000000000042e-02 3.300000000000000155e-01 9.369999999999999218e+00 2.399999999999999911e+00 8.970000000000000639e+00 5.382999999999999829e+01 2.850000000000000089e+00 6.400000000000000355e+00 1.799999999999999864e-02 2.066600000000000104e-01 2.099999999999999922e-01 2.300000000000000100e-01 5.200000000000000000e+01
1.000000000000000021e-02 2.999999999999999889e-02 2.490000000000000213e+00 9.130000000000000782e+00 7.698000000000000398e+01 7.006999999999999318e+01 4.610000000000000320e+00 5.240000000000000213e+00 2.199999999999999872e-02 2.048699999999999966e-01 2.200000000000000011e-01 3.400000000000000244e-01 4.400000000000000000e+01
2.999999999999999889e-02 3.400000000000000244e-01 9.399999999999999467e-01 8.740000000000000213e+00 7.690000000000000391e+00 5.768999999999999773e+01 7.790000000000000036e+00 4.209999999999999964e+00 1.299999999999999940e-02 2.969999999999999862e-01 2.999999999999999889e-01 3.599999999999999867e-01 7.600000000000000000e+01
2.000000000000000042e-02 5.999999999999999778e-02 7.549999999999999822e+00 6.690000000000000391e+00 1.241999999999999993e+01 7.509999999999999432e+01 5.820000000000000284e+00 4.559999999999999609e+00 1.099999999999999936e-02 6.156999999999999973e-02 7.000000000000000666e-02 1.000000000000000056e-01 5.600000000000000000e+01
5.000000000000000278e-02 7.000000000000000666e-02 9.810000000000000497e+00 9.839999999999999858e+00 4.199000000000000199e+01 6.540000000000000568e+01 5.269999999999999574e+00 4.320000000000000284e+00 1.899999999999999953e-02 1.907600000000000129e-01 2.000000000000000111e-01 2.600000000000000089e-01 6.500000000000000000e+01
2.999999999999999889e-02 3.300000000000000155e-01 1.110000000000000098e+00 3.700000000000000178e+00 7.229000000000000625e+01 5.184000000000000341e+01 3.549999999999999822e+00 2.069999999999999840e+00 1.099999999999999936e-02 7.563999999999999890e-02 8.999999999999999667e-02 2.200000000000000011e-01 4.600000000000000000e+01
1.000000000000000021e-02 3.499999999999999778e-01 7.669999999999999929e+00 5.099999999999999645e+00 8.059999999999999432e+01 5.335999999999999943e+01 4.290000000000000036e+00 2.040000000000000036e+00 2.299999999999999961e-02 3.554999999999999827e-02 7.000000000000000666e-02 2.200000000000000011e-01 4.300000000000000000e+01
2.000000000000000042e-02 1.300000000000000044e-01 4.400000000000000022e-01 7.839999999999999858e+00 1.330000000000000071e+01 7.057999999999999829e+01 5.410000000000000142e+00 4.110000000000000320e+00 1.200000000000000025e-02 2.849000000000000143e-02 5.000000000000000278e-02 2.000000000000000111e-01 4.600000000000000000e+01
4.000000000000000083e-02 3.699999999999999956e-01 5.699999999999999512e-01 3.910000000000000142e+00 4.893999999999999773e+01 4.756000000000000227e+01 1.469999999999999973e+00 5.889999999999999680e+00 1.499999999999999944e-02 9.762999999999999456e-02 1.199999999999999956e-01 2.500000000000000000e-01 5.100000000000000000e+01
2.000000000000000042e-02 1.799999999999999933e-01 8.499999999999999778e-01 5.839999999999999858e+00 8.206999999999999318e+01 6.010999999999999943e+01 3.149999999999999911e+00 4.639999999999999680e+00 2.299999999999999961e-02 4.918000000000000149e-02 8.000000000000000167e-02 2.500000000000000000e-01 5.400000000000000000e+01
1.000000000000000021e-02 5.999999999999999778e-02 8.820000000000000284e+00 3.129999999999999893e+00 8.619999999999999218e+00 6.746999999999999886e+01 4.879999999999999893e+00 6.589999999999999858e+00 2.199999999999999872e-02 5.204999999999999905e-02 5.999999999999999778e-02 8.999999999999999667e-02 5.000000000000000000e+01
2.999999999999999889e-02 2.600000000000000089e-01 8.189999999999999503e+00 3.120000000000000107e+00 1.742000000000000171e+01 7.212000000000000455e+01 7.700000000000000178e+00 6.669999999999999929e+00 1.400000000000000029e-02 1.473999999999999963e-02 2.999999999999999889e-02 8.000000000000000167e-02 5.800000000000000000e+01
2.000000000000000042e-02 4.199999999999999845e-01 3.589999999999999858e+00 7.709999999999999964e+00 5.410999999999999943e+01 7.618999999999999773e+01 6.400000000000000355e+00 5.990000000000000213e+00 1.700000000000000122e-02 6.834999999999999409e-02 8.999999999999999667e-02 1.799999999999999933e-01 5.200000000000000000e+01
4.000000000000000083e-02 8.000000000000000167e-02 8.939999999999999503e+00 4.200000000000000178e+00 1.819999999999999929e+01 5.203000000000000114e+01 2.089999999999999858e+00 5.330000000000000071e+00 1.400000000000000029e-02 2.222300000000000109e-01 2.300000000000000100e-01 2.600000000000000089e-01 6.400000000000000000e+01
2.999999999999999889e-02 2.999999999999999889e-01 2.029999999999999805e+00 9.460000000000000853e+00 8.217000000000000171e+01 7.303000000000000114e+01 1.939999999999999947e+00 4.900000000000000355e+00 1.400000000000000029e-02 7.632999999999999508e-02 1.000000000000000056e-01 2.300000000000000100e-01 4.800000000000000000e+01
2.000000000000000042e-02 3.699999999999999956e-01 2.740000000000000213e+00 6.919999999999999929e+00 4.471999999999999886e+01 3.854999999999999716e+01 2.759999999999999787e+00 4.790000000000000036e+00 2.199999999999999872e-02 1.463700000000000001e-01 1.700000000000000122e-01 2.399999999999999911e-01 6.800000000000000000e+01
1.000000000000000021e-02 1.700000000000000122e-01 2.600000000000000089e-01 4.299999999999999822e+00 1.333000000000000007e+01 3.439000000000000057e+01 7.419999999999999929e+00 2.560000000000000053e+00 1.200000000000000025e-02 1.963499999999999968e-01 2.099999999999999922e-01 3.300000000000000155e-01 4.300000000000000000e+01
5.000000000000000278e-02 1.799999999999999933e-01 8.660000000000000142e+00 9.150000000000000355e+00 1.176999999999999957e+01 3.707000000000000028e+01 6.540000000000000036e+00 4.530000000000000249e+00 2.299999999999999961e-02 1.481099999999999917e-01 1.600000000000000033e-01 1.799999999999999933e-01 5.900000000000000000e+01
1.000000000000000021e-02 1.000000000000000056e-01 6.469999999999999751e+00 6.290000000000000036e+00 8.017000000000000171e+01 7.889000000000000057e+01 5.009999999999999787e+00 2.779999999999999805e+00 1.200000000000000025e-02 2.953399999999999914e-01 3.099999999999999978e-01 4.099999999999999756e-01 4.300000000000000000e+01
4.000000000000000083e-02 5.000000000000000278e-02 5.669999999999999929e+00 5.469999999999999751e+00 4.150999999999999801e+01 3.121000000000000085e+01 9.599999999999999645e+00 6.839999999999999858e+00 1.600000000000000033e-02 2.912600000000000189e-01 2.999999999999999889e-01 3.599999999999999867e-01 5.700000000000000000e+01
1.000000000000000021e-02 1.199999999999999956e-01 7.230000000000000426e+00 2.419999999999999929e+00 6.571999999999999886e+01 5.707999999999999829e+01 7.419999999999999929e+00 2.250000000000000000e+00 1.799999999999999864e-02 1.883999999999999911e-02 4.000000000000000083e-02 1.799999999999999933e-01 4.700000000000000000e+01
4.000000000000000083e-02 1.499999999999999944e-01 8.859999999999999432e+00 9.470000000000000639e+00 2.458999999999999986e+01 5.732999999999999829e+01 1.560000000000000053e+00 4.179999999999999716e+00 1.099999999999999936e-02 4.048000000000000209e-02 5.000000000000000278e-02 1.100000000000000006e-01 5.300000000000000000e+01
2.000000000000000042e-02 3.300000000000000155e-01 7.299999999999999822e-01 9.300000000000000711e+00 4.843999999999999773e+01 6.046999999999999886e+01 9.300000000000000711e+00 6.330000000000000071e+00 1.299999999999999940e-02 8.074000000000000621e-02 1.000000000000000056e-01 2.399999999999999911e-01 4.700000000000000000e+01
2.999999999999999889e-02 3.400000000000000244e-01 5.809999999999999609e+00 8.580000000000000071e+00 5.125000000000000000e+01 7.840000000000000568e+01 1.399999999999999911e+00 2.839999999999999858e+00 1.899999999999999953e-02 5.577000000000000013e-02 8.000000000000000167e-02 1.700000000000000122e-01 5.800000000000000000e+01
4.000000000000000083e-02 2.300000000000000100e-01 6.999999999999999556e-01 6.059999999999999609e+00 5.588000000000000256e+01 4.028999999999999915e+01 6.049999999999999822e+00 2.689999999999999947e+00 1.899999999999999953e-02 8.767999999999999405e-02 1.100000000000000006e-01 2.500000000000000000e-01 5.600000000000000000e+01
1.000000000000000021e-02 3.200000000000000067e-01 9.439999999999999503e+00 5.089999999999999858e+00 7.678000000000000114e+01 4.977000000000000313e+01 7.219999999999999751e+00 4.049999999999999822e+00 2.000000000000000042e-02 1.842999999999999916e-01 2.000000000000000111e-01 3.200000000000000067e-01 5.000000000000000000e+01
2.000000000000000042e-02 3.800000000000000044e-01 4.299999999999999933e-01 4.410000000000000142e+00 4.389000000000000057e+01 6.039000000000000057e+01 6.400000000000000133e-01 4.250000000000000000e+00 2.199999999999999872e-02 2.218299999999999994e-01 2.399999999999999911e-01 3.699999999999999956e-01 5.500000000000000000e+01
2.000000000000000042e-02 3.699999999999999956e-01 9.150000000000000355e+00 9.070000000000000284e+00 3.871999999999999886e+01 6.429000000000000625e+01 8.410000000000000142e+00 4.320000000000000284e+00 1.299999999999999940e-02 1.077300000000000063e-01 1.199999999999999956e-01 1.900000000000000022e-01 5.000000000000000000e+01
2.999999999999999889e-02 4.000000000000000083e-02 4.790000000000000036e+00 7.169999999999999929e+00 5.210000000000000142e+01 5.027000000000000313e+01 7.929999999999999716e+00 2.839999999999999858e+00 2.199999999999999872e-02 2.127600000000000047e-01 2.300000000000000100e-01 2.999999999999999889e-01 6.100000000000000000e+01
2.999999999999999889e-02 4.299999999999999933e-01 7.230000000000000426e+00 8.230000000000000426e+00 7.667000000000000171e+01 6.210000000000000142e+01 2.339999999999999858e+00 2.180000000000000160e+00 1.200000000000000025e-02 5.460999999999999882e-02 7.000000000000000666e-02 2.000000000000000111e-01 4.600000000000000000e+01
4.000000000000000083e-02 5.999999999999999778e-02 8.119999999999999218e+00 5.610000000000000320e+00 7.964000000000000057e+01 6.670999999999999375e+01 5.040000000000000036e+00 4.049999999999999822e+00 1.400000000000000029e-02 2.180799999999999961e-01 2.300000000000000100e-01 3.300000000000000155e-01 5.000000000000000000e+01
4.000000000000000083e-02 8.999999999999999667e-02 5.860000000000000320e+00 5.419999999999999929e+00 8.869999999999999218e+00 2.701999999999999957e+01 5.209999999999999964e+00 2.620000000000000107e+00 1.799999999999999864e-02 9.199999999999999845e-02 1.000000000000000056e-01 1.199999999999999956e-01 5.500000000000000000e+01
4.000000000000000083e-02 2.200000000000000011e-01 6.690000000000000391e+00 6.490000000000000213e+00 6.409000000000000341e+01 4.502000000000000313e+01 3.290000000000000036e+00 2.669999999999999929e+00 2.000000000000000042e-02 2.146800000000000097e-01 2.300000000000000100e-01 3.200000000000000067e-01 5.900000000000000000e+01
5.000000000000000278e-02 4.899999999999999911e-01 2.069999999999999840e+00 9.529999999999999361e+00 8.050000000000000711e+00 7.704000000000000625e+01 3.509999999999999787e+00 6.320000000000000284e+00 1.200000000000000025e-02 7.356999999999999651e-02 8.999999999999999667e-02 1.499999999999999944e-01 7.500000000000000000e+01
2.999999999999999889e-02 3.099999999999999978e-01 4.120000000000000107e+00 8.289999999999999147e+00 6.743000000000000682e+01 6.843000000000000682e+01 4.379999999999999893e+00 3.029999999999999805e+00 1.799999999999999864e-02 2.192300000000000082e-01 2.300000000000000100e-01 3.300000000000000155e-01 5.400000000000000000e+01
5.000000000000000278e-02 2.200000000000000011e-01 4.919999999999999929e+00 6.540000000000000036e+00 2.557999999999999829e+01 6.584999999999999432e+01 9.570000000000000284e+00 2.479999999999999982e+00 2.199999999999999872e-02 2.777800000000000269e-01 2.800000000000000266e-01 3.300000000000000155e-01 7.600000000000000000e+01
2.000000000000000042e-02 3.699999999999999956e-01 3.629999999999999893e+00 6.389999999999999680e+00 7.278000000000000114e+01 3.378999999999999915e+01 3.419999999999999929e+00 4.339999999999999858e+00 1.700000000000000122e-02 1.038300000000000056e-01 1.199999999999999956e-01 2.399999999999999911e-01 5.000000000000000000e+01
1.000000000000000021e-02 4.500000000000000111e-01 7.000000000000000000e+00 3.859999999999999876e+00 6.745000000000000284e+01 5.639000000000000057e+01 5.009999999999999787e+00 4.589999999999999858e+00 1.200000000000000025e-02 2.982500000000000151e-01 3.099999999999999978e-01 4.000000000000000222e-01 4.300000000000000000e+01
4.000000000000000083e-02 1.799999999999999933e-01 2.410000000000000142e+00 7.509999999999999787e+00 7.898000000000000398e+01 6.078000000000000114e+01 2.229999999999999982e+00 5.900000000000000355e+00 2.000000000000000042e-02 2.731399999999999939e-01 2.899999999999999800e-01 3.900000000000000133e-01 5.800000000000000000e+01
2.999999999999999889e-02 2.300000000000000100e-01 8.640000000000000568e+00 3.870000000000000107e+00 6.931999999999999318e+01 3.600000000000000000e+01 2.680000000000000160e+00 2.279999999999999805e+00 1.299999999999999940e-02 1.684700000000000086e-01 1.799999999999999933e-01 2.800000000000000266e-01 4.800000000000000000e+01
4.000000000000000083e-02 4.699999999999999734e-01 5.570000000000000284e+00 2.479999999999999982e+00 3.268999999999999773e+01 3.782000000000000028e+01 6.450000000000000178e+00 6.879999999999999893e+00 2.100000000000000130e-02 2.627300000000000191e-01 2.700000000000000178e-01 3.200000000000000067e-01 5.000000000000000000e+01
2.000000000000000042e-02 4.099999999999999756e-01 8.449999999999999289e+00 2.799999999999999822e+00 5.690000000000000391e+00 5.989999999999999858e+01 5.379999999999999893e+00 4.940000000000000391e+00 2.299999999999999961e-02 1.790100000000000025e-01 1.799999999999999933e-01 2.000000000000000111e-01 6.200000000000000000e+01
1.000000000000000021e-02 1.700000000000000122e-01 1.270000000000000018e+00 2.979999999999999982e+00 3.972999999999999687e+01 3.087000000000000099e+01 2.939999999999999947e+00 4.129999999999999893e+00 2.199999999999999872e-02 2.189200000000000035e-01 2.399999999999999911e-01 3.400000000000000244e-01 4.600000000000000000e+01
4.000000000000000083e-02 3.400000000000000244e-01 5.999999999999999778e-01 7.179999999999999716e+00 7.726999999999999602e+01 3.242999999999999972e+01 8.460000000000000853e+00 4.160000000000000142e+00 1.200000000000000025e-02 1.651000000000000037e-02 4.000000000000000083e-02 2.000000000000000111e-01 4.700000000000000000e+01
4.000000000000000083e-02 1.300000000000000044e-01 5.410000000000000142e+00 4.679999999999999716e+00 8.039999999999999147e+00 2.696999999999999886e+01 6.799999999999999822e+00 4.089999999999999858e+00 2.199999999999999872e-02 2.359999999999999945e-02 4.000000000000000083e-02 5.999999999999999778e-02 5.600000000000000000e+01
2.999999999999999889e-02 2.500000000000000000e-01 7.280000000000000249e+00 5.000000000000000000e+00 7.212000000000000455e+01 5.153000000000000114e+01 6.679999999999999716e+00 5.980000000000000426e+00 1.700000000000000122e-02 1.888199999999999878e-01 2.000000000000000111e-01 3.099999999999999978e-01 5.200000000000000000e+01
5.000000000000000278e-02 3.800000000000000044e-01 5.209999999999999964e+00 6.830000000000000071e+00 5.771999999999999886e+01 6.088000000000000256e+01 2.129999999999999893e+00 4.309999999999999609e+00 2.299999999999999961e-02 1.047700000000000020e-01 1.300000000000000044e-01 2.200000000000000011e-01 6.500000000000000000e+01
2.000000000000000042e-02 2.600000000000000089e-01 1.750000000000000000e+00 3.270000000000000018e+00 1.714000000000000057e+01 3.557999999999999829e+01 4.330000000000000071e+00 4.839999999999999858e+00 1.499999999999999944e-02 2.733700000000000019e-01 2.800000000000000266e-01 3.499999999999999778e-01 6.300000000000000000e+01
2.000000000000000042e-02 3.300000000000000155e-01 2.229999999999999982e+00 5.379999999999999893e+00 4.211999999999999744e+01 5.917000000000000171e+01 7.089999999999999858e+00 3.680000000000000160e+00 1.600000000000000033e-02 2.795999999999999874e-02 5.000000000000000278e-02 1.499999999999999944e-01 5.700000000000000000e+01
2.999999999999999889e-02 2.999999999999999889e-01 9.160000000000000142e+00 6.339999999999999858e+00 5.464000000000000057e+01 6.737000000000000455e+01 6.110000000000000320e+00 4.599999999999999645e+00 1.299999999999999940e-02 1.656400000000000095e-01 1.799999999999999933e-01 2.600000000000000089e-01 5.000000000000000000e+01
2.999999999999999889e-02 4.199999999999999845e-01 4.019999999999999574e+00 5.769999999999999574e+00 5.293999999999999773e+01 7.040000000000000568e+01 5.769999999999999574e+00 3.439999999999999947e+00 1.899999999999999953e-02 2.724599999999999800e-01 2.800000000000000266e-01 3.599999999999999867e-01 5.900000000000000000e+01
2.999999999999999889e-02 3.900000000000000133e-01 3.319999999999999840e+00 4.570000000000000284e+00 8.320000000000000284e+00 4.686999999999999744e+01 6.610000000000000320e+00 5.589999999999999858e+00 2.100000000000000130e-02 2.326999999999999902e-02 4.000000000000000083e-02 8.000000000000000167e-02 1.330000000000000000e+02
1.000000000000000021e-02 2.200000000000000011e-01 3.819999999999999840e+00 5.169999999999999929e+00 4.007999999999999829e+01 6.823999999999999488e+01 8.720000000000000639e+00 5.809999999999999609e+00 1.899999999999999953e-02 2.452999999999999972e-02 4.000000000000000083e-02 1.400000000000000133e-01 4.400000000000000000e+01
4.000000000000000083e-02 1.799999999999999933e-01 4.400000000000000355e+00 5.219999999999999751e+00 8.482999999999999829e+01 5.963000000000000256e+01 6.650000000000000355e+00 5.969999999999999751e+00 1.200000000000000025e-02 1.509000000000000064e-01 1.700000000000000122e-01 2.700000000000000178e-01 4.700000000000000000e+01
1.000000000000000021e-02 3.200000000000000067e-01 3.609999999999999876e+00 5.990000000000000213e+00 6.982999999999999829e+01 7.351999999999999602e+01 6.910000000000000142e+00 6.950000000000000178e+00 2.400000000000000050e-02 2.683099999999999929e-01 2.899999999999999800e-01 3.900000000000000133e-01 4.400000000000000000e+01
1.000000000000000021e-02 3.800000000000000044e-01 5.019999999999999574e+00 3.379999999999999893e+00 3.037999999999999901e+01 6.856000000000000227e+01 8.259999999999999787e+00 6.370000000000000107e+00 2.299999999999999961e-02 2.619000000000000147e-02 5.000000000000000278e-02 1.300000000000000044e-01 4.500000000000000000e+01
2.999999999999999889e-02 4.500000000000000111e-01 1.790000000000000036e+00 3.209999999999999964e+00 3.278000000000000114e+01 6.146000000000000085e+01 6.690000000000000391e+00 3.520000000000000018e+00 1.899999999999999953e-02 6.901000000000000190e-02 8.999999999999999667e-02 1.900000000000000022e-01 6.500000000000000000e+01
2.000000000000000042e-02 2.099999999999999922e-01 9.400000000000000355e+00 4.099999999999999645e+00 1.776000000000000156e+01 5.877000000000000313e+01 2.089999999999999858e+00 6.509999999999999787e+00 2.199999999999999872e-02 5.969999999999999613e-03 2.999999999999999889e-02 8.000000000000000167e-02 4.800000000000000000e+01
1.000000000000000021e-02 1.600000000000000033e-01 7.519999999999999574e+00 4.309999999999999609e+00 6.495000000000000284e+01 7.342000000000000171e+01 5.599999999999999645e+00 2.790000000000000036e+00 1.299999999999999940e-02 2.343800000000000050e-01 2.399999999999999911e-01 3.300000000000000155e-01 4.500000000000000000e+01
4.000000000000000083e-02 1.000000000000000056e-01 1.000000000000000000e+00 3.759999999999999787e+00 7.353000000000000114e+01 7.995999999999999375e+01 6.999999999999999556e-01 2.720000000000000195e+00 1.099999999999999936e-02 4.057999999999999802e-02 5.999999999999999778e-02 2.000000000000000111e-01 4.700000000000000000e+01
2.000000000000000042e-02 4.000000000000000222e-01 4.919999999999999929e+00 4.370000000000000107e+00 8.310000000000000497e+00 5.086999999999999744e+01 2.950000000000000178e+00 4.780000000000000249e+00 2.199999999999999872e-02 6.411000000000000032e-02 7.000000000000000666e-02 1.000000000000000056e-01 5.400000000000000000e+01
2.000000000000000042e-02 2.800000000000000266e-01 5.820000000000000284e+00 8.660000000000000142e+00 3.707999999999999829e+01 3.903999999999999915e+01 1.270000000000000018e+00 2.529999999999999805e+00 2.000000000000000042e-02 4.064999999999999863e-02 5.999999999999999778e-02 1.400000000000000133e-01 4.600000000000000000e+01
4.000000000000000083e-02 5.000000000000000278e-02 6.429999999999999716e+00 8.580000000000000071e+00 3.392999999999999972e+01 2.885999999999999943e+01 1.889999999999999902e+00 2.859999999999999876e+00 1.099999999999999936e-02 1.355999999999999914e-02 2.999999999999999889e-02 1.100000000000000006e-01 5.000000000000000000e+01
1.000000000000000021e-02 1.700000000000000122e-01 5.269999999999999574e+00 5.080000000000000071e+00 4.672999999999999687e+01 2.623999999999999844e+01 5.719999999999999751e+00 3.180000000000000160e+00 1.899999999999999953e-02 7.423000000000000431e-02 8.999999999999999667e-02 1.799999999999999933e-01 4.300000000000000000e+01
1.000000000000000021e-02 2.899999999999999800e-01 8.109999999999999432e+00 4.820000000000000284e+00 7.379999999999999716e+01 5.292999999999999972e+01 6.820000000000000284e+00 6.259999999999999787e+00 2.299999999999999961e-02 1.544200000000000017e-01 1.799999999999999933e-01 2.999999999999999889e-01 4.400000000000000000e+01
2.000000000000000042e-02 3.300000000000000155e-01 2.649999999999999911e+00 5.450000000000000178e+00 3.735000000000000142e+01 6.336999999999999744e+01 8.589999999999999858e+00 2.919999999999999929e+00 2.400000000000000050e-02 2.483100000000000029e-01 2.700000000000000178e-01 3.300000000000000155e-01 8.200000000000000000e+01
1.000000000000000021e-02 4.099999999999999756e-01 5.179999999999999716e+00 5.339999999999999858e+00 4.859000000000000341e+01 5.399000000000000199e+01 3.589999999999999858e+00 2.589999999999999858e+00 1.799999999999999864e-02 1.419799999999999951e-01 1.600000000000000033e-01 2.399999999999999911e-01 4.400000000000000000e+01
1.000000000000000021e-02 2.200000000000000011e-01 1.919999999999999929e+00 9.820000000000000284e+00 7.612000000000000455e+01 4.843999999999999773e+01 8.970000000000000639e+00 2.660000000000000142e+00 1.299999999999999940e-02 1.732100000000000029e-01 1.900000000000000022e-01 2.999999999999999889e-01 4.600000000000000000e+01
4.000000000000000083e-02 4.500000000000000111e-01 6.509999999999999787e+00 2.390000000000000124e+00 1.390000000000000036e+01 2.728000000000000114e+01 3.890000000000000124e+00 6.559999999999999609e+00 1.200000000000000025e-02 2.965099999999999958e-01 2.899999999999999800e-01 3.200000000000000067e-01 6.500000000000000000e+01
2.999999999999999889e-02 4.000000000000000083e-02 5.900000000000000355e+00 4.490000000000000213e+00 8.560000000000000497e+00 5.509000000000000341e+01 5.759999999999999787e+00 2.520000000000000018e+00 1.499999999999999944e-02 4.490000000000000241e-02 5.000000000000000278e-02 8.000000000000000167e-02 5.000000000000000000e+01
4.000000000000000083e-02 4.099999999999999756e-01 8.849999999999999645e+00 5.049999999999999822e+00 2.594999999999999929e+01 3.935000000000000142e+01 1.199999999999999956e+00 3.569999999999999840e+00 2.100000000000000130e-02 2.788200000000000123e-01 2.800000000000000266e-01 3.200000000000000067e-01 1.100000000000000000e+02
