2.999999999999999889e-02 4.699999999999999734e-01 6.059999999999999609e+00 8.039999999999999147e+00 1.273000000000000043e+01 7.895000000000000284e+01 9.519999999999999574e+00 5.809999999999999609e+00 2.000000000000000042e-02 1.565000000000000072e-02 2.999999999999999889e-02 7.000000000000000666e-02 5.000000000000000000e+01
2.000000000000000042e-02 2.399999999999999911e-01 8.449999999999999289e+00 3.569999999999999840e+00 8.162999999999999545e+01 4.460000000000000142e+01 3.359999999999999876e+00 3.859999999999999876e+00 1.899999999999999953e-02 1.524999999999999967e-01 1.700000000000000122e-01 2.899999999999999800e-01 5.200000000000000000e+01
4.000000000000000083e-02 1.900000000000000022e-01 7.599999999999999645e+00 6.870000000000000107e+00 1.050000000000000000e+01 4.389999999999999858e+01 3.060000000000000053e+00 2.819999999999999840e+00 2.100000000000000130e-02 6.370000000000000662e-02 7.000000000000000666e-02 1.000000000000000056e-01 5.500000000000000000e+01
2.999999999999999889e-02 4.500000000000000111e-01 4.240000000000000213e+00 4.040000000000000036e+00 3.214999999999999858e+01 7.184999999999999432e+01 6.929999999999999716e+00 5.669999999999999929e+00 2.299999999999999961e-02 2.586800000000000210e-01 2.700000000000000178e-01 3.200000000000000067e-01 4.900000000000000000e+01
1.000000000000000021e-02 3.200000000000000067e-01 4.269999999999999574e+00 5.620000000000000107e+00 5.918999999999999773e+01 6.601000000000000512e+01 4.019999999999999574e+00 6.589999999999999858e+00 1.099999999999999936e-02 9.277000000000000524e-02 1.100000000000000006e-01 2.000000000000000111e-01 4.300000000000000000e+01
5.000000000000000278e-02 1.499999999999999944e-01 8.839999999999999858e+00 4.099999999999999645e+00 3.510999999999999943e+01 5.242000000000000171e+01 1.379999999999999893e+00 3.620000000000000107e+00 1.700000000000000122e-02 1.895799999999999985e-01 2.000000000000000111e-01 2.500000000000000000e-01 6.400000000000000000e+01
5.000000000000000278e-02 4.899999999999999911e-01 1.989999999999999991e+00 7.690000000000000391e+00 6.124000000000000199e+01 7.851999999999999602e+01 1.330000000000000071e+00 2.310000000000000053e+00 1.899999999999999953e-02 2.435900000000000010e-01 2.600000000000000089e-01 3.499999999999999778e-01 6.100000000000000000e+01
5.000000000000000278e-02 1.799999999999999933e-01 4.929999999999999716e+00 3.250000000000000000e+00 1.141000000000000014e+01 2.898000000000000043e+01 8.300000000000000711e+00 5.129999999999999893e+00 1.899999999999999953e-02 1.801899999999999891e-01 1.799999999999999933e-01 2.099999999999999922e-01 5.600000000000000000e+01
1.000000000000000021e-02 3.300000000000000155e-01 2.870000000000000107e+00 9.679999999999999716e+00 6.596999999999999886e+01 4.660999999999999943e+01 1.760000000000000009e+00 6.860000000000000320e+00 1.499999999999999944e-02 5.641999999999999793e-02 8.000000000000000167e-02 2.000000000000000111e-01 4.600000000000000000e+01
2.999999999999999889e-02 4.699999999999999734e-01 8.500000000000000000e+00 9.070000000000000284e+00 5.209000000000000341e+01 2.607000000000000028e+01 7.669999999999999929e+00 5.030000000000000249e+00 1.499999999999999944e-02 4.818000000000000060e-02 7.000000000000000666e-02 1.700000000000000122e-01 5.200000000000000000e+01
1.000000000000000021e-02 4.199999999999999845e-01 3.140000000000000124e+00 2.620000000000000107e+00 2.508999999999999986e+01 3.859000000000000341e+01 4.480000000000000426e+00 2.290000000000000036e+00 1.799999999999999864e-02 2.493599999999999983e-01 2.600000000000000089e-01 2.999999999999999889e-01 4.500000000000000000e+01
5.000000000000000278e-02 2.300000000000000100e-01 7.790000000000000036e+00 3.279999999999999805e+00 5.604999999999999716e+01 6.264000000000000057e+01 1.580000000000000071e+00 5.679999999999999716e+00 1.799999999999999864e-02 2.516800000000000148e-01 2.600000000000000089e-01 3.400000000000000244e-01 5.900000000000000000e+01
2.000000000000000042e-02 4.899999999999999911e-01 4.099999999999999756e-01 7.040000000000000036e+00 3.850000000000000000e+01 3.314999999999999858e+01 8.230000000000000426e+00 2.220000000000000195e+00 2.000000000000000042e-02 1.647899999999999920e-01 1.900000000000000022e-01 3.200000000000000067e-01 5.300000000000000000e+01
4.000000000000000083e-02 2.600000000000000089e-01 2.000000000000000111e-01 6.830000000000000071e+00 1.716000000000000014e+01 5.588000000000000256e+01 7.059999999999999609e+00 5.719999999999999751e+00 2.100000000000000130e-02 1.656600000000000017e-01 1.900000000000000022e-01 3.200000000000000067e-01 5.700000000000000000e+01
1.000000000000000021e-02 3.400000000000000244e-01 2.799999999999999822e+00 9.289999999999999147e+00 6.682999999999999829e+01 5.779999999999999716e+01 9.849999999999999645e+00 6.299999999999999822e+00 2.199999999999999872e-02 3.323000000000000259e-02 5.999999999999999778e-02 2.000000000000000111e-01 4.300000000000000000e+01
4.000000000000000083e-02 4.199999999999999845e-01 6.129999999999999893e+00 3.180000000000000160e+00 6.509000000000000341e+01 7.051999999999999602e+01 2.600000000000000089e-01 4.019999999999999574e+00 1.299999999999999940e-02 1.833999999999999866e-02 4.000000000000000083e-02 1.600000000000000033e-01 4.900000000000000000e+01
4.000000000000000083e-02 1.300000000000000044e-01 5.400000000000000355e+00 5.900000000000000355e+00 5.570000000000000284e+01 6.426000000000000512e+01 3.250000000000000000e+00 4.959999999999999964e+00 2.400000000000000050e-02 4.932000000000000273e-02 8.000000000000000167e-02 1.900000000000000022e-01 6.300000000000000000e+01
2.999999999999999889e-02 2.700000000000000178e-01 2.979999999999999982e+00 4.990000000000000213e+00 7.037999999999999545e+01 2.583999999999999986e+01 1.689999999999999947e+00 2.290000000000000036e+00 1.200000000000000025e-02 2.760500000000000176e-01 2.899999999999999800e-01 3.699999999999999956e-01 4.700000000000000000e+01
2.999999999999999889e-02 1.300000000000000044e-01 1.639999999999999902e+00 6.259999999999999787e+00 1.016000000000000014e+01 3.464000000000000057e+01 1.760000000000000009e+00 2.299999999999999822e+00 1.600000000000000033e-02 1.160199999999999981e-01 1.300000000000000044e-01 2.099999999999999922e-01 6.700000000000000000e+01
4.000000000000000083e-02 5.999999999999999778e-02 2.459999999999999964e+00 4.669999999999999929e+00 5.282000000000000028e+01 2.566000000000000014e+01 9.859999999999999432e+00 2.520000000000000018e+00 1.200000000000000025e-02 8.021999999999999964e-02 1.000000000000000056e-01 1.799999999999999933e-01 5.100000000000000000e+01
4.000000000000000083e-02 2.399999999999999911e-01 4.549999999999999822e+00 6.660000000000000142e+00 6.235000000000000142e+01 5.060999999999999943e+01 8.380000000000000782e+00 6.440000000000000391e+00 2.199999999999999872e-02 1.464300000000000046e-01 1.700000000000000122e-01 2.600000000000000089e-01 6.100000000000000000e+01
2.999999999999999889e-02 3.800000000000000044e-01 2.080000000000000071e+00 3.859999999999999876e+00 5.096000000000000085e+01 4.729999999999999716e+01 9.439999999999999503e+00 5.410000000000000142e+00 1.700000000000000122e-02 1.222199999999999953e-01 1.400000000000000133e-01 2.300000000000000100e-01 5.900000000000000000e+01
4.000000000000000083e-02 5.000000000000000278e-02 4.799999999999999822e+00 8.109999999999999432e+00 8.326000000000000512e+01 7.735999999999999943e+01 3.800000000000000044e-01 3.049999999999999822e+00 1.899999999999999953e-02 2.552099999999999924e-01 2.700000000000000178e-01 3.800000000000000044e-01 5.500000000000000000e+01
2.999999999999999889e-02 3.099999999999999978e-01 7.889999999999999680e+00 2.509999999999999787e+00 2.300000000000000000e+01 7.140000000000000568e+01 7.379999999999999893e+00 3.810000000000000053e+00 2.199999999999999872e-02 1.427999999999999929e-02 4.000000000000000083e-02 1.000000000000000056e-01 4.900000000000000000e+01
4.000000000000000083e-02 2.099999999999999922e-01 5.530000000000000249e+00 6.070000000000000284e+00 8.115999999999999659e+01 4.642999999999999972e+01 3.580000000000000071e+00 3.140000000000000124e+00 1.899999999999999953e-02 1.954200000000000104e-01 2.099999999999999922e-01 3.200000000000000067e-01 5.600000000000000000e+01
4.000000000000000083e-02 4.799999999999999822e-01 6.509999999999999787e+00 7.429999999999999716e+00 6.726999999999999602e+01 2.871000000000000085e+01 8.289999999999999147e+00 6.519999999999999574e+00 1.099999999999999936e-02 2.173400000000000054e-01 2.300000000000000100e-01 3.099999999999999978e-01 4.700000000000000000e+01
1.000000000000000021e-02 1.000000000000000021e-02 7.299999999999999822e-01 3.279999999999999805e+00 1.121000000000000085e+01 3.048999999999999844e+01 2.549999999999999822e+00 4.339999999999999858e+00 2.000000000000000042e-02 1.767000000000000168e-02 5.000000000000000278e-02 2.000000000000000111e-01 4.300000000000000000e+01
1.000000000000000021e-02 4.799999999999999822e-01 9.439999999999999503e+00 2.790000000000000036e+00 1.543999999999999950e+01 5.864000000000000057e+01 9.699999999999999289e+00 2.169999999999999929e+00 2.400000000000000050e-02 2.120199999999999863e-01 2.200000000000000011e-01 2.399999999999999911e-01 1.400000000000000000e+02
2.999999999999999889e-02 3.499999999999999778e-01 5.950000000000000178e+00 4.269999999999999574e+00 3.016000000000000014e+01 4.364999999999999858e+01 7.599999999999999645e+00 5.559999999999999609e+00 2.000000000000000042e-02 1.888299999999999979e-01 2.000000000000000111e-01 2.500000000000000000e-01 4.800000000000000000e+01
2.999999999999999889e-02 4.600000000000000200e-01 8.580000000000000071e+00 2.549999999999999822e+00 7.469999999999999751e+00 6.059000000000000341e+01 3.020000000000000018e+00 2.410000000000000142e+00 1.200000000000000025e-02 8.255999999999999450e-02 8.999999999999999667e-02 1.000000000000000056e-01 4.900000000000000000e+01
1.000000000000000021e-02 5.999999999999999778e-02 2.399999999999999911e-01 6.269999999999999574e+00 5.404999999999999716e+01 5.200000000000000000e+01 7.730000000000000426e+00 2.589999999999999858e+00 2.199999999999999872e-02 5.020000000000000157e-02 8.000000000000000167e-02 2.500000000000000000e-01 5.000000000000000000e+01
2.999999999999999889e-02 3.900000000000000133e-01 9.300000000000000488e-01 3.870000000000000107e+00 5.704999999999999716e+01 5.311999999999999744e+01 8.250000000000000000e+00 4.849999999999999645e+00 1.200000000000000025e-02 2.808999999999999830e-01 2.899999999999999800e-01 3.900000000000000133e-01 4.800000000000000000e+01
2.999999999999999889e-02 4.600000000000000200e-01 9.890000000000000568e+00 5.750000000000000000e+00 1.469999999999999929e+01 2.719000000000000128e+01 6.889999999999999680e+00 5.940000000000000391e+00 1.499999999999999944e-02 6.933000000000000274e-02 8.000000000000000167e-02 1.100000000000000006e-01 4.900000000000000000e+01
1.000000000000000021e-02 2.399999999999999911e-01 9.070000000000000284e+00 5.040000000000000036e+00 7.576000000000000512e+01 7.345999999999999375e+01 3.859999999999999876e+00 4.730000000000000426e+00 2.400000000000000050e-02 7.029999999999999791e-03 4.000000000000000083e-02 2.000000000000000111e-01 4.400000000000000000e+01
5.000000000000000278e-02 1.300000000000000044e-01 4.809999999999999609e+00 6.120000000000000107e+00 3.447999999999999687e+01 7.001000000000000512e+01 6.910000000000000142e+00 3.779999999999999805e+00 2.000000000000000042e-02 2.529899999999999927e-01 2.600000000000000089e-01 3.099999999999999978e-01 7.100000000000000000e+01
2.000000000000000042e-02 2.600000000000000089e-01 4.549999999999999822e+00 6.389999999999999680e+00 5.252000000000000313e+01 3.250000000000000000e+01 1.909999999999999920e+00 2.540000000000000036e+00 1.200000000000000025e-02 2.735199999999999854e-01 2.800000000000000266e-01 3.499999999999999778e-01 4.700000000000000000e+01
2.000000000000000042e-02 1.499999999999999944e-01 5.730000000000000426e+00 2.080000000000000071e+00 6.929999999999999716e+00 5.914999999999999858e+01 9.060000000000000497e+00 4.519999999999999574e+00 2.100000000000000130e-02 7.100000000000000408e-03 2.000000000000000042e-02 5.000000000000000278e-02 5.100000000000000000e+01
4.000000000000000083e-02 4.199999999999999845e-01 3.609999999999999876e+00 2.419999999999999929e+00 2.110000000000000142e+01 5.390999999999999659e+01 1.300000000000000044e+00 2.069999999999999840e+00 1.899999999999999953e-02 1.957200000000000051e-01 2.000000000000000111e-01 2.399999999999999911e-01 5.200000000000000000e+01
2.999999999999999889e-02 2.899999999999999800e-01 6.179999999999999716e+00 3.490000000000000213e+00 8.129999999999999716e+01 2.517999999999999972e+01 5.490000000000000213e+00 3.390000000000000124e+00 2.100000000000000130e-02 2.293499999999999983e-01 2.500000000000000000e-01 3.599999999999999867e-01 5.500000000000000000e+01
4.000000000000000083e-02 4.299999999999999933e-01 7.950000000000000178e+00 8.689999999999999503e+00 5.035999999999999943e+01 2.689000000000000057e+01 5.190000000000000391e+00 6.290000000000000036e+00 1.899999999999999953e-02 7.630000000000000671e-02 1.000000000000000056e-01 1.799999999999999933e-01 6.000000000000000000e+01
5.000000000000000278e-02 3.499999999999999778e-01 6.600000000000000311e-01 3.990000000000000213e+00 5.218999999999999773e+01 7.623999999999999488e+01 7.469999999999999751e+00 5.129999999999999893e+00 1.600000000000000033e-02 2.674000000000000266e-01 2.800000000000000266e-01 3.900000000000000133e-01 5.400000000000000000e+01
2.000000000000000042e-02 2.399999999999999911e-01 8.730000000000000426e+00 6.209999999999999964e+00 1.477999999999999936e+01 3.200000000000000000e+01 1.300000000000000044e+00 6.179999999999999716e+00 2.299999999999999961e-02 4.993999999999999828e-02 7.000000000000000666e-02 1.100000000000000006e-01 5.000000000000000000e+01
2.000000000000000042e-02 1.300000000000000044e-01 3.000000000000000000e+00 7.240000000000000213e+00 6.809999999999999432e+01 5.222999999999999687e+01 7.070000000000000284e+00 2.990000000000000213e+00 1.899999999999999953e-02 2.321000000000000008e-01 2.500000000000000000e-01 3.400000000000000244e-01 5.200000000000000000e+01
2.999999999999999889e-02 1.400000000000000133e-01 6.360000000000000320e+00 7.969999999999999751e+00 6.745000000000000284e+01 4.539000000000000057e+01 1.270000000000000018e+00 3.310000000000000053e+00 2.400000000000000050e-02 4.250000000000000305e-03 4.000000000000000083e-02 1.799999999999999933e-01 5.700000000000000000e+01
5.000000000000000278e-02 2.899999999999999800e-01 4.240000000000000213e+00 7.259999999999999787e+00 3.023999999999999844e+01 4.992999999999999972e+01 5.940000000000000391e+00 4.679999999999999716e+00 1.700000000000000122e-02 1.021600000000000008e-01 1.100000000000000006e-01 1.700000000000000122e-01 6.600000000000000000e+01
2.999999999999999889e-02 4.099999999999999756e-01 4.919999999999999929e+00 8.830000000000000071e+00 3.610000000000000142e+01 5.096999999999999886e+01 3.910000000000000142e+00 5.440000000000000391e+00 2.000000000000000042e-02 5.734999999999999820e-02 8.000000000000000167e-02 1.499999999999999944e-01 6.300000000000000000e+01
2.000000000000000042e-02 2.000000000000000042e-02 8.449999999999999289e+00 5.320000000000000284e+00 2.639999999999999858e+01 6.057999999999999829e+01 3.729999999999999982e+00 5.740000000000000213e+00 1.799999999999999864e-02 1.786500000000000032e-01 1.900000000000000022e-01 2.300000000000000100e-01 4.700000000000000000e+01
2.000000000000000042e-02 2.200000000000000011e-01 2.100000000000000089e+00 7.799999999999999822e+00 7.270000000000000284e+01 6.689000000000000057e+01 9.519999999999999574e+00 6.959999999999999964e+00 1.499999999999999944e-02 7.496999999999999498e-02 1.000000000000000056e-01 1.799999999999999933e-01 6.500000000000000000e+01
4.000000000000000083e-02 2.300000000000000100e-01 4.469999999999999751e+00 8.570000000000000284e+00 6.120000000000000107e+00 2.914000000000000057e+01 5.120000000000000107e+00 3.160000000000000142e+00 1.499999999999999944e-02 9.478000000000000314e-02 1.000000000000000056e-01 1.100000000000000006e-01 5.500000000000000000e+01
1.000000000000000021e-02 4.000000000000000083e-02 7.519999999999999574e+00 7.839999999999999858e+00 7.281000000000000227e+01 7.712999999999999545e+01 9.009999999999999787e+00 3.359999999999999876e+00 1.600000000000000033e-02 2.904100000000000015e-01 2.999999999999999889e-01 4.000000000000000222e-01 4.600000000000000000e+01
1.000000000000000021e-02 4.699999999999999734e-01 5.980000000000000426e+00 6.110000000000000320e+00 7.492000000000000171e+01 4.503000000000000114e+01 4.500000000000000111e-01 2.180000000000000160e+00 1.899999999999999953e-02 2.401300000000000101e-01 2.600000000000000089e-01 3.599999999999999867e-01 4.900000000000000000e+01
2.000000000000000042e-02 2.200000000000000011e-01 7.700000000000000178e-01 5.759999999999999787e+00 7.859999999999999432e+01 5.071999999999999886e+01 4.500000000000000111e-01 4.360000000000000320e+00 1.400000000000000029e-02 7.270000000000000420e-03 2.999999999999999889e-02 2.099999999999999922e-01 4.600000000000000000e+01
5.000000000000000278e-02 1.100000000000000006e-01 7.419999999999999929e+00 9.509999999999999787e+00 4.234000000000000341e+01 5.728000000000000114e+01 2.740000000000000213e+00 6.730000000000000426e+00 1.400000000000000029e-02 4.508999999999999814e-02 5.999999999999999778e-02 1.400000000000000133e-01 5.400000000000000000e+01
4.000000000000000083e-02 2.099999999999999922e-01 6.600000000000000311e-01 9.189999999999999503e+00 2.421999999999999886e+01 2.755000000000000071e+01 9.539999999999999147e+00 6.339999999999999858e+00 1.700000000000000122e-02 2.348800000000000054e-01 2.500000000000000000e-01 3.599999999999999867e-01 5.500000000000000000e+01
2.000000000000000042e-02 5.000000000000000278e-02 5.440000000000000391e+00 5.370000000000000107e+00 6.003999999999999915e+01 4.332000000000000028e+01 9.949999999999999289e+00 2.600000000000000089e+00 1.600000000000000033e-02 1.491200000000000025e-01 1.600000000000000033e-01 2.600000000000000089e-01 5.100000000000000000e+01
2.999999999999999889e-02 3.300000000000000155e-01 6.999999999999999556e-01 9.529999999999999361e+00 1.773999999999999844e+01 6.642000000000000171e+01 5.589999999999999858e+00 4.290000000000000036e+00 1.499999999999999944e-02 1.325999999999999922e-02 4.000000000000000083e-02 1.900000000000000022e-01 5.100000000000000000e+01
1.000000000000000021e-02 2.500000000000000000e-01 7.830000000000000071e+00 9.669999999999999929e+00 2.092999999999999972e+01 4.168999999999999773e+01 3.040000000000000036e+00 3.529999999999999805e+00 1.700000000000000122e-02 2.205400000000000138e-01 2.300000000000000100e-01 2.600000000000000089e-01 4.500000000000000000e+01
4.000000000000000083e-02 2.000000000000000042e-02 1.149999999999999911e+00 5.299999999999999822e+00 7.309999999999999432e+01 5.145000000000000284e+01 7.080000000000000071e+00 6.110000000000000320e+00 2.299999999999999961e-02 9.939999999999999183e-03 5.000000000000000278e-02 2.200000000000000011e-01 5.800000000000000000e+01
2.999999999999999889e-02 1.199999999999999956e-01 4.080000000000000071e+00 7.440000000000000391e+00 1.728000000000000114e+01 3.753999999999999915e+01 1.219999999999999973e+00 3.779999999999999805e+00 1.499999999999999944e-02 1.415500000000000091e-01 1.499999999999999944e-01 1.799999999999999933e-01 4.900000000000000000e+01
2.000000000000000042e-02 3.300000000000000155e-01 3.680000000000000160e+00 3.850000000000000089e+00 4.060999999999999943e+01 7.620999999999999375e+01 4.519999999999999574e+00 2.180000000000000160e+00 2.299999999999999961e-02 1.738200000000000023e-01 1.900000000000000022e-01 2.600000000000000089e-01 4.700000000000000000e+01
4.000000000000000083e-02 1.199999999999999956e-01 7.620000000000000107e+00 2.740000000000000213e+00 7.859000000000000341e+01 5.128999999999999915e+01 1.929999999999999938e+00 5.780000000000000249e+00 2.299999999999999961e-02 1.250499999999999945e-01 1.499999999999999944e-01 2.700000000000000178e-01 6.000000000000000000e+01
2.999999999999999889e-02 5.000000000000000000e-01 5.620000000000000107e+00 2.879999999999999893e+00 5.392999999999999972e+01 4.825000000000000000e+01 8.299999999999999600e-01 6.540000000000000036e+00 2.400000000000000050e-02 5.072999999999999732e-02 8.000000000000000167e-02 1.799999999999999933e-01 6.200000000000000000e+01
2.999999999999999889e-02 4.899999999999999911e-01 4.709999999999999964e+00 4.849999999999999645e+00 4.870000000000000284e+01 3.349000000000000199e+01 2.500000000000000000e-01 3.379999999999999893e+00 1.499999999999999944e-02 1.859800000000000064e-01 2.000000000000000111e-01 2.700000000000000178e-01 5.300000000000000000e+01
5.000000000000000278e-02 4.799999999999999822e-01 4.500000000000000111e-01 3.830000000000000071e+00 5.439999999999999858e+01 5.375999999999999801e+01 3.270000000000000018e+00 5.629999999999999893e+00 1.799999999999999864e-02 1.030599999999999988e-01 1.300000000000000044e-01 2.600000000000000089e-01 5.500000000000000000e+01
4.000000000000000083e-02 1.499999999999999944e-01 2.589999999999999858e+00 2.379999999999999893e+00 6.039000000000000057e+01 3.875999999999999801e+01 2.109999999999999876e+00 4.820000000000000284e+00 1.799999999999999864e-02 1.303100000000000092e-01 1.499999999999999944e-01 2.399999999999999911e-01 5.800000000000000000e+01
2.000000000000000042e-02 7.000000000000000666e-02 9.240000000000000213e+00 8.539999999999999147e+00 4.164000000000000057e+01 6.948000000000000398e+01 1.499999999999999944e-01 2.029999999999999805e+00 1.700000000000000122e-02 1.717400000000000038e-01 1.799999999999999933e-01 2.500000000000000000e-01 5.500000000000000000e+01
2.000000000000000042e-02 1.900000000000000022e-01 1.320000000000000062e+00 5.900000000000000355e+00 5.353999999999999915e+01 2.589999999999999858e+01 4.839999999999999858e+00 6.830000000000000071e+00 1.200000000000000025e-02 2.571100000000000052e-01 2.700000000000000178e-01 3.699999999999999956e-01 4.800000000000000000e+01
2.999999999999999889e-02 1.100000000000000006e-01 3.979999999999999982e+00 3.339999999999999858e+00 1.076999999999999957e+01 6.484000000000000341e+01 9.750000000000000000e+00 6.610000000000000320e+00 1.400000000000000029e-02 2.088200000000000056e-01 2.099999999999999922e-01 2.300000000000000100e-01 5.000000000000000000e+01
1.000000000000000021e-02 4.299999999999999933e-01 4.259999999999999787e+00 4.929999999999999716e+00 5.543999999999999773e+01 7.876999999999999602e+01 9.080000000000000071e+00 3.580000000000000071e+00 1.299999999999999940e-02 2.481200000000000072e-01 2.600000000000000089e-01 3.400000000000000244e-01 4.500000000000000000e+01
1.000000000000000021e-02 1.600000000000000033e-01 5.799999999999999600e-01 3.470000000000000195e+00 8.080000000000000071e+00 7.981000000000000227e+01 3.160000000000000142e+00 6.349999999999999645e+00 1.899999999999999953e-02 2.909300000000000219e-01 2.999999999999999889e-01 4.199999999999999845e-01 5.000000000000000000e+01
4.000000000000000083e-02 1.000000000000000021e-02 9.759999999999999787e+00 3.439999999999999947e+00 7.218000000000000682e+01 6.401999999999999602e+01 3.160000000000000142e+00 5.950000000000000178e+00 1.499999999999999944e-02 1.996999999999999886e-01 2.099999999999999922e-01 3.099999999999999978e-01 5.200000000000000000e+01
2.000000000000000042e-02 2.999999999999999889e-01 2.279999999999999805e+00 9.380000000000000782e+00 3.402000000000000313e+01 2.707000000000000028e+01 4.179999999999999716e+00 6.349999999999999645e+00 1.499999999999999944e-02 2.867700000000000249e-01 2.999999999999999889e-01 3.599999999999999867e-01 6.200000000000000000e+01
2.000000000000000042e-02 2.800000000000000266e-01 8.199999999999999289e+00 8.339999999999999858e+00 5.707999999999999829e+01 3.889000000000000057e+01 5.839999999999999858e+00 2.149999999999999911e+00 1.299999999999999940e-02 7.088999999999999468e-02 8.999999999999999667e-02 1.900000000000000022e-01 4.700000000000000000e+01
2.000000000000000042e-02 3.400000000000000244e-01 5.169999999999999929e+00 4.620000000000000107e+00 5.800000000000000000e+01 7.817000000000000171e+01 1.760000000000000009e+00 3.540000000000000036e+00 2.100000000000000130e-02 2.136699999999999988e-01 2.300000000000000100e-01 3.099999999999999978e-01 5.700000000000000000e+01
2.000000000000000042e-02 2.600000000000000089e-01 7.150000000000000355e+00 7.490000000000000213e+00 4.886999999999999744e+01 6.812000000000000455e+01 6.370000000000000107e+00 3.520000000000000018e+00 1.700000000000000122e-02 2.196099999999999997e-01 2.300000000000000100e-01 2.999999999999999889e-01 5.400000000000000000e+01
2.999999999999999889e-02 1.600000000000000033e-01 8.529999999999999361e+00 7.230000000000000426e+00 8.240000000000000213e+00 2.680999999999999872e+01 7.209999999999999964e+00 5.059999999999999609e+00 2.100000000000000130e-02 1.744400000000000117e-01 1.799999999999999933e-01 2.000000000000000111e-01 5.700000000000000000e+01
4.000000000000000083e-02 4.799999999999999822e-01 6.339999999999999858e+00 4.030000000000000249e+00 6.359000000000000341e+01 3.253000000000000114e+01 5.899999999999999689e-01 6.049999999999999822e+00 1.600000000000000033e-02 1.481800000000000062e-01 1.600000000000000033e-01 2.600000000000000089e-01 5.400000000000000000e+01
2.000000000000000042e-02 4.000000000000000083e-02 8.439999999999999503e+00 4.650000000000000355e+00 5.346999999999999886e+01 6.715000000000000568e+01 7.959999999999999964e+00 2.439999999999999947e+00 2.000000000000000042e-02 5.009999999999999697e-03 2.999999999999999889e-02 1.499999999999999944e-01 5.300000000000000000e+01
2.999999999999999889e-02 3.599999999999999867e-01 9.630000000000000782e+00 7.700000000000000178e+00 6.881999999999999318e+01 3.329999999999999716e+01 1.790000000000000036e+00 4.990000000000000213e+00 2.299999999999999961e-02 2.368899999999999895e-01 2.600000000000000089e-01 3.499999999999999778e-01 5.900000000000000000e+01
1.000000000000000021e-02 4.500000000000000111e-01 8.259999999999999787e+00 3.410000000000000142e+00 4.474000000000000199e+01 4.707000000000000028e+01 4.700000000000000178e+00 4.559999999999999609e+00 1.799999999999999864e-02 2.885000000000000064e-02 5.000000000000000278e-02 1.499999999999999944e-01 4.400000000000000000e+01
4.000000000000000083e-02 3.200000000000000067e-01 3.419999999999999929e+00 8.750000000000000000e+00 8.109000000000000341e+01 4.267999999999999972e+01 7.580000000000000071e+00 5.150000000000000355e+00 2.199999999999999872e-02 7.302999999999999770e-02 1.000000000000000056e-01 2.300000000000000100e-01 5.800000000000000000e+01
2.000000000000000042e-02 2.000000000000000042e-02 6.959999999999999964e+00 2.259999999999999787e+00 5.722999999999999687e+01 6.047999999999999687e+01 2.459999999999999964e+00 6.480000000000000426e+00 1.700000000000000122e-02 6.970999999999999419e-02 8.999999999999999667e-02 1.900000000000000022e-01 5.200000000000000000e+01
4.000000000000000083e-02 3.499999999999999778e-01 8.109999999999999432e+00 9.029999999999999361e+00 6.656999999999999318e+01 3.075000000000000000e+01 3.379999999999999893e+00 5.709999999999999964e+00 1.499999999999999944e-02 8.260000000000000675e-02 1.000000000000000056e-01 2.099999999999999922e-01 5.200000000000000000e+01
2.000000000000000042e-02 4.099999999999999756e-01 3.599999999999999867e-01 7.700000000000000178e+00 2.725000000000000000e+01 4.867000000000000171e+01 5.580000000000000071e+00 5.379999999999999893e+00 2.100000000000000130e-02 1.280199999999999949e-01 1.499999999999999944e-01 2.899999999999999800e-01 5.400000000000000000e+01
4.000000000000000083e-02 8.999999999999999667e-02 6.209999999999999964e+00 3.089999999999999858e+00 4.309000000000000341e+01 3.296000000000000085e+01 6.269999999999999574e+00 6.830000000000000071e+00 1.899999999999999953e-02 2.933399999999999896e-01 2.999999999999999889e-01 3.599999999999999867e-01 6.200000000000000000e+01
4.000000000000000083e-02 1.000000000000000021e-02 3.299999999999999822e+00 4.839999999999999858e+00 7.425000000000000000e+01 6.456000000000000227e+01 4.360000000000000320e+00 2.319999999999999840e+00 1.799999999999999864e-02 1.736000000000000043e-02 5.000000000000000278e-02 1.900000000000000022e-01 5.300000000000000000e+01
2.999999999999999889e-02 1.199999999999999956e-01 4.299999999999999933e-01 5.639999999999999680e+00 1.339000000000000057e+01 4.067999999999999972e+01 6.269999999999999574e+00 5.919999999999999929e+00 2.299999999999999961e-02 9.153999999999999637e-02 1.199999999999999956e-01 2.600000000000000089e-01 5.900000000000000000e+01
2.000000000000000042e-02 2.700000000000000178e-01 2.509999999999999787e+00 5.809999999999999609e+00 6.199000000000000199e+01 5.660000000000000142e+01 6.540000000000000036e+00 4.759999999999999787e+00 2.100000000000000130e-02 2.497999999999999943e-01 2.700000000000000178e-01 3.499999999999999778e-01 5.900000000000000000e+01
4.000000000000000083e-02 4.600000000000000200e-01 1.810000000000000053e+00 9.949999999999999289e+00 7.279000000000000625e+01 4.285999999999999943e+01 5.250000000000000000e+00 4.599999999999999645e+00 1.299999999999999940e-02 1.862000000000000044e-01 2.000000000000000111e-01 2.999999999999999889e-01 5.000000000000000000e+01
5.000000000000000278e-02 1.499999999999999944e-01 1.830000000000000071e+00 8.660000000000000142e+00 1.841000000000000014e+01 3.339999999999999858e+01 8.390000000000000568e+00 4.400000000000000355e+00 1.299999999999999940e-02 9.984999999999999432e-02 1.100000000000000006e-01 1.900000000000000022e-01 6.500000000000000000e+01
4.000000000000000083e-02 4.500000000000000111e-01 7.549999999999999822e+00 7.419999999999999929e+00 1.436999999999999922e+01 3.292999999999999972e+01 3.439999999999999947e+00 4.429999999999999716e+00 1.499999999999999944e-02 2.112300000000000011e-01 2.099999999999999922e-01 2.399999999999999911e-01 5.100000000000000000e+01
5.000000000000000278e-02 2.399999999999999911e-01 8.089999999999999858e+00 3.020000000000000018e+00 1.903000000000000114e+01 6.823000000000000398e+01 8.230000000000000426e+00 4.280000000000000249e+00 2.199999999999999872e-02 3.907000000000000056e-02 5.999999999999999778e-02 1.000000000000000056e-01 8.000000000000000000e+01
2.000000000000000042e-02 1.100000000000000006e-01 9.300000000000000488e-01 3.640000000000000124e+00 6.520999999999999375e+01 4.652000000000000313e+01 4.610000000000000320e+00 5.299999999999999822e+00 1.099999999999999936e-02 1.023799999999999988e-01 1.199999999999999956e-01 2.500000000000000000e-01 4.500000000000000000e+01
1.000000000000000021e-02 1.199999999999999956e-01 4.150000000000000355e+00 9.859999999999999432e+00 6.885999999999999943e+01 5.178000000000000114e+01 9.250000000000000000e+00 2.609999999999999876e+00 1.299999999999999940e-02 2.694900000000000073e-01 2.800000000000000266e-01 3.699999999999999956e-01 4.300000000000000000e+01
1.000000000000000021e-02 1.400000000000000133e-01 3.279999999999999805e+00 7.040000000000000036e+00 3.318999999999999773e+01 5.740999999999999659e+01 3.359999999999999876e+00 6.839999999999999858e+00 1.799999999999999864e-02 1.667800000000000116e-01 1.799999999999999933e-01 2.300000000000000100e-01 4.500000000000000000e+01
4.000000000000000083e-02 7.000000000000000666e-02 3.009999999999999787e+00 7.809999999999999609e+00 6.431999999999999318e+01 7.504999999999999716e+01 2.700000000000000178e+00 4.099999999999999645e+00 1.700000000000000122e-02 2.914999999999999883e-02 5.000000000000000278e-02 1.700000000000000122e-01 5.400000000000000000e+01
4.000000000000000083e-02 4.099999999999999756e-01 2.850000000000000089e+00 8.699999999999999289e+00 4.334000000000000341e+01 5.661999999999999744e+01 6.919999999999999929e+00 5.639999999999999680e+00 2.400000000000000050e-02 8.118999999999999828e-02 1.100000000000000006e-01 1.900000000000000022e-01 7.100000000000000000e+01
1.000000000000000021e-02 1.000000000000000056e-01 5.899999999999999689e-01 8.640000000000000568e+00 6.186999999999999744e+01 6.059000000000000341e+01 1.080000000000000071e+00 5.639999999999999680e+00 2.400000000000000050e-02 1.344799999999999884e-01 1.600000000000000033e-01 3.099999999999999978e-01 4.300000000000000000e+01
4.000000000000000083e-02 2.999999999999999889e-01 4.250000000000000000e+00 5.099999999999999645e+00 8.395000000000000284e+01 2.755000000000000071e+01 2.000000000000000000e+00 3.200000000000000178e+00 1.299999999999999940e-02 1.074100000000000055e-01 1.199999999999999956e-01 2.399999999999999911e-01 4.800000000000000000e+01
5.000000000000000278e-02 2.099999999999999922e-01 8.830000000000000071e+00 7.009999999999999787e+00 2.014999999999999858e+01 3.989999999999999858e+01 3.189999999999999947e+00 5.580000000000000071e+00 1.200000000000000025e-02 1.925900000000000112e-01 2.000000000000000111e-01 2.300000000000000100e-01 6.100000000000000000e+01
1.000000000000000021e-02 8.000000000000000167e-02 5.250000000000000000e+00 7.230000000000000426e+00 3.832999999999999829e+01 3.094999999999999929e+01 4.759999999999999787e+00 2.750000000000000000e+00 1.700000000000000122e-02 1.913700000000000123e-01 2.000000000000000111e-01 2.600000000000000089e-01 4.400000000000000000e+01
2.000000000000000042e-02 2.000000000000000042e-02 4.419999999999999929e+00 9.289999999999999147e+00 3.571999999999999886e+01 6.029999999999999716e+01 2.669999999999999929e+00 4.650000000000000355e+00 2.100000000000000130e-02 1.095999999999999926e-02 4.000000000000000083e-02 1.199999999999999956e-01 4.700000000000000000e+01
1.000000000000000021e-02 3.900000000000000133e-01 2.430000000000000160e+00 7.330000000000000071e+00 3.317999999999999972e+01 4.171000000000000085e+01 1.429999999999999938e+00 6.009999999999999787e+00 2.299999999999999961e-02 1.204599999999999976e-01 1.400000000000000133e-01 2.200000000000000011e-01 7.600000000000000000e+01
1.000000000000000021e-02 8.999999999999999667e-02 4.410000000000000142e+00 8.410000000000000142e+00 6.171000000000000085e+01 7.378000000000000114e+01 1.149999999999999911e+00 2.279999999999999805e+00 2.000000000000000042e-02 1.592600000000000127e-01 1.799999999999999933e-01 2.700000000000000178e-01 4.300000000000000000e+01
5.000000000000000278e-02 2.200000000000000011e-01 2.379999999999999893e+00 8.679999999999999716e+00 2.060999999999999943e+01 2.653999999999999915e+01 2.169999999999999929e+00 2.750000000000000000e+00 2.400000000000000050e-02 5.176000000000000045e-02 8.000000000000000167e-02 1.600000000000000033e-01 9.700000000000000000e+01
1.000000000000000021e-02 2.999999999999999889e-02 6.080000000000000071e+00 7.410000000000000142e+00 6.265999999999999659e+01 4.392000000000000171e+01 6.450000000000000178e+00 4.679999999999999716e+00 2.199999999999999872e-02 2.883000000000000146e-02 5.999999999999999778e-02 1.900000000000000022e-01 4.300000000000000000e+01
2.999999999999999889e-02 1.100000000000000006e-01 6.660000000000000142e+00 9.339999999999999858e+00 1.405000000000000071e+01 5.753999999999999915e+01 8.539999999999999147e+00 5.900000000000000355e+00 1.899999999999999953e-02 2.410299999999999943e-01 2.399999999999999911e-01 2.700000000000000178e-01 9.700000000000000000e+01
2.000000000000000042e-02 8.999999999999999667e-02 6.070000000000000284e+00 9.500000000000000000e+00 2.128000000000000114e+01 6.867000000000000171e+01 2.180000000000000160e+00 2.390000000000000124e+00 2.199999999999999872e-02 1.850000000000000082e-03 2.000000000000000042e-02 8.999999999999999667e-02 4.800000000000000000e+01
4.000000000000000083e-02 2.600000000000000089e-01 6.250000000000000000e+00 5.429999999999999716e+00 6.150000000000000355e+00 2.989999999999999858e+01 2.950000000000000178e+00 4.480000000000000426e+00 1.299999999999999940e-02 1.257199999999999984e-01 1.300000000000000044e-01 1.400000000000000133e-01 5.400000000000000000e+01
5.000000000000000278e-02 5.000000000000000278e-02 3.290000000000000036e+00 8.720000000000000639e+00 7.537999999999999545e+01 4.947999999999999687e+01 3.930000000000000160e+00 4.080000000000000071e+00 1.499999999999999944e-02 2.566100000000000048e-01 2.700000000000000178e-01 3.599999999999999867e-01 5.200000000000000000e+01
2.000000000000000042e-02 2.500000000000000000e-01 5.899999999999999689e-01 4.139999999999999680e+00 3.257999999999999829e+01 7.442000000000000171e+01 1.060000000000000053e+00 3.790000000000000036e+00 1.200000000000000025e-02 9.508999999999999397e-02 1.100000000000000006e-01 2.399999999999999911e-01 4.600000000000000000e+01
2.999999999999999889e-02 1.600000000000000033e-01 2.560000000000000053e+00 5.240000000000000213e+00 6.945000000000000284e+01 4.077000000000000313e+01 1.760000000000000009e+00 4.120000000000000107e+00 1.299999999999999940e-02 2.813599999999999990e-01 2.899999999999999800e-01 3.800000000000000044e-01 4.800000000000000000e+01
4.000000000000000083e-02 8.000000000000000167e-02 1.449999999999999956e+00 8.810000000000000497e+00 3.964000000000000057e+01 7.845999999999999375e+01 3.669999999999999929e+00 4.519999999999999574e+00 1.299999999999999940e-02 1.160299999999999943e-01 1.300000000000000044e-01 2.300000000000000100e-01 5.400000000000000000e+01
2.999999999999999889e-02 1.300000000000000044e-01 6.110000000000000320e+00 2.859999999999999876e+00 1.928000000000000114e+01 6.631999999999999318e+01 5.459999999999999964e+00 7.000000000000000000e+00 1.499999999999999944e-02 2.089499999999999968e-01 2.099999999999999922e-01 2.500000000000000000e-01 5.000000000000000000e+01
4.000000000000000083e-02 1.700000000000000122e-01 1.649999999999999911e+00 7.339999999999999858e+00 7.876000000000000512e+01 7.607999999999999829e+01 6.500000000000000000e+00 5.870000000000000107e+00 1.400000000000000029e-02 4.725000000000000033e-02 7.000000000000000666e-02 2.099999999999999922e-01 5.000000000000000000e+01
2.999999999999999889e-02 4.699999999999999734e-01 6.480000000000000426e+00 7.740000000000000213e+00 8.109999999999999432e+01 4.022999999999999687e+01 3.609999999999999876e+00 3.000000000000000000e+00 1.200000000000000025e-02 2.383500000000000063e-01 2.500000000000000000e-01 3.499999999999999778e-01 4.600000000000000000e+01
2.999999999999999889e-02 2.700000000000000178e-01 9.320000000000000284e+00 7.150000000000000355e+00 2.110999999999999943e+01 3.019000000000000128e+01 9.429999999999999716e+00 2.120000000000000107e+00 1.899999999999999953e-02 1.223899999999999988e-01 1.300000000000000044e-01 1.700000000000000122e-01 4.900000000000000000e+01
5.000000000000000278e-02 2.600000000000000089e-01 9.750000000000000000e+00 9.490000000000000213e+00 4.242000000000000171e+01 7.748999999999999488e+01 1.679999999999999938e+00 3.399999999999999911e+00 2.100000000000000130e-02 2.928700000000000192e-01 2.999999999999999889e-01 3.599999999999999867e-01 6.600000000000000000e+01
1.000000000000000021e-02 3.400000000000000244e-01 4.330000000000000071e+00 7.950000000000000178e+00 6.234000000000000341e+01 7.823999999999999488e+01 3.290000000000000036e+00 2.600000000000000089e+00 2.100000000000000130e-02 1.251200000000000090e-01 1.499999999999999944e-01 2.500000000000000000e-01 4.300000000000000000e+01
4.000000000000000083e-02 2.999999999999999889e-01 5.660000000000000142e+00 8.710000000000000853e+00 1.338000000000000078e+01 4.256000000000000227e+01 6.459999999999999964e+00 2.810000000000000053e+00 1.600000000000000033e-02 5.217000000000000109e-02 5.999999999999999778e-02 8.999999999999999667e-02 5.000000000000000000e+01
2.999999999999999889e-02 4.000000000000000083e-02 4.089999999999999858e+00 3.470000000000000195e+00 2.130999999999999872e+01 6.239000000000000057e+01 8.539999999999999147e+00 2.680000000000000160e+00 1.600000000000000033e-02 2.555999999999999939e-01 2.600000000000000089e-01 2.899999999999999800e-01 6.500000000000000000e+01
1.000000000000000021e-02 3.699999999999999956e-01 1.870000000000000107e+00 9.949999999999999289e+00 5.820000000000000284e+01 3.463000000000000256e+01 5.320000000000000284e+00 6.570000000000000284e+00 2.100000000000000130e-02 1.220500000000000057e-01 1.400000000000000133e-01 2.600000000000000089e-01 5.600000000000000000e+01
4.000000000000000083e-02 2.200000000000000011e-01 1.320000000000000062e+00 2.410000000000000142e+00 1.208999999999999986e+01 4.036999999999999744e+01 1.469999999999999973e+00 4.000000000000000000e+00 1.099999999999999936e-02 1.340500000000000025e-01 1.499999999999999944e-01 2.300000000000000100e-01 5.500000000000000000e+01
1.000000000000000021e-02 2.200000000000000011e-01 6.780000000000000249e+00 7.120000000000000107e+00 6.229999999999999716e+01 7.148000000000000398e+01 5.650000000000000355e+00 6.330000000000000071e+00 1.700000000000000122e-02 4.390000000000000152e-02 5.999999999999999778e-02 1.900000000000000022e-01 4.700000000000000000e+01
5.000000000000000278e-02 1.799999999999999933e-01 7.849999999999999645e+00 4.089999999999999858e+00 3.799000000000000199e+01 5.050000000000000000e+01 7.209999999999999964e+00 5.519999999999999574e+00 2.000000000000000042e-02 1.289200000000000068e-01 1.400000000000000133e-01 2.099999999999999922e-01 6.700000000000000000e+01
5.000000000000000278e-02 1.199999999999999956e-01 6.719999999999999751e+00 4.599999999999999645e+00 2.266000000000000014e+01 4.621999999999999886e+01 9.449999999999999289e+00 5.200000000000000178e+00 1.200000000000000025e-02 1.365000000000000067e-02 2.999999999999999889e-02 8.999999999999999667e-02 5.500000000000000000e+01
2.999999999999999889e-02 2.200000000000000011e-01 1.129999999999999893e+00 3.459999999999999964e+00 5.802000000000000313e+01 7.210999999999999943e+01 7.780000000000000249e+00 2.470000000000000195e+00 2.199999999999999872e-02 2.898000000000000020e-01 3.099999999999999978e-01 4.199999999999999845e-01 5.900000000000000000e+01
1.000000000000000021e-02 3.499999999999999778e-01 4.940000000000000391e+00 7.070000000000000284e+00 3.342000000000000171e+01 4.471999999999999886e+01 5.849999999999999645e+00 5.519999999999999574e+00 2.100000000000000130e-02 1.927099999999999924e-01 2.099999999999999922e-01 2.600000000000000089e-01 4.400000000000000000e+01
2.000000000000000042e-02 5.000000000000000278e-02 7.660000000000000142e+00 4.209999999999999964e+00 1.660999999999999943e+01 4.754999999999999716e+01 8.830000000000000071e+00 2.129999999999999893e+00 1.499999999999999944e-02 1.625000000000000056e-02 2.999999999999999889e-02 8.000000000000000167e-02 5.900000000000000000e+01
1.000000000000000021e-02 3.800000000000000044e-01 7.330000000000000071e+00 3.259999999999999787e+00 5.785999999999999943e+01 5.535000000000000142e+01 6.299999999999999822e+00 5.969999999999999751e+00 1.400000000000000029e-02 1.747400000000000064e-01 1.900000000000000022e-01 2.700000000000000178e-01 4.600000000000000000e+01
1.000000000000000021e-02 4.899999999999999911e-01 7.469999999999999751e+00 9.119999999999999218e+00 3.246000000000000085e+01 2.648999999999999844e+01 7.530000000000000249e+00 3.459999999999999964e+00 1.700000000000000122e-02 8.407000000000000584e-02 1.000000000000000056e-01 1.600000000000000033e-01 4.400000000000000000e+01
2.000000000000000042e-02 3.200000000000000067e-01 3.720000000000000195e+00 8.810000000000000497e+00 2.817999999999999972e+01 4.382000000000000028e+01 2.529999999999999805e+00 6.179999999999999716e+00 2.299999999999999961e-02 2.298900000000000110e-01 2.399999999999999911e-01 2.899999999999999800e-01 4.700000000000000000e+01
2.999999999999999889e-02 2.600000000000000089e-01 4.929999999999999716e+00 9.359999999999999432e+00 6.225000000000000000e+01 2.975000000000000000e+01 2.140000000000000124e+00 5.860000000000000320e+00 1.700000000000000122e-02 1.699700000000000100e-01 1.799999999999999933e-01 2.800000000000000266e-01 5.400000000000000000e+01
2.000000000000000042e-02 3.099999999999999978e-01 3.609999999999999876e+00 6.259999999999999787e+00 5.884000000000000341e+01 6.959999999999999432e+01 7.139999999999999680e+00 3.100000000000000089e+00 2.400000000000000050e-02 7.238999999999999602e-02 1.000000000000000056e-01 2.099999999999999922e-01 5.900000000000000000e+01
1.000000000000000021e-02 1.100000000000000006e-01 1.449999999999999956e+00 9.140000000000000568e+00 8.440000000000000568e+01 5.250999999999999801e+01 6.209999999999999964e+00 5.160000000000000142e+00 1.600000000000000033e-02 2.763800000000000145e-01 2.899999999999999800e-01 4.099999999999999756e-01 4.700000000000000000e+01
2.000000000000000042e-02 1.100000000000000006e-01 9.710000000000000853e+00 3.729999999999999982e+00 6.831999999999999318e+01 5.632000000000000028e+01 6.160000000000000142e+00 2.819999999999999840e+00 2.199999999999999872e-02 5.142999999999999655e-02 8.000000000000000167e-02 2.099999999999999922e-01 5.500000000000000000e+01
4.000000000000000083e-02 4.400000000000000022e-01 6.410000000000000142e+00 8.230000000000000426e+00 6.759999999999999432e+01 4.071000000000000085e+01 9.449999999999999289e+00 5.830000000000000071e+00 2.199999999999999872e-02 5.278999999999999665e-02 8.000000000000000167e-02 2.000000000000000111e-01 6.000000000000000000e+01
2.000000000000000042e-02 2.800000000000000266e-01 6.480000000000000426e+00 4.610000000000000320e+00 7.810999999999999943e+01 4.313000000000000256e+01 4.650000000000000355e+00 7.000000000000000000e+00 2.299999999999999961e-02 2.827700000000000213e-01 2.999999999999999889e-01 4.099999999999999756e-01 5.600000000000000000e+01
4.000000000000000083e-02 1.000000000000000021e-02 9.550000000000000711e+00 5.759999999999999787e+00 5.546999999999999886e+01 3.490999999999999659e+01 9.589999999999999858e+00 6.610000000000000320e+00 1.099999999999999936e-02 3.441999999999999921e-02 5.000000000000000278e-02 1.499999999999999944e-01 4.800000000000000000e+01
2.999999999999999889e-02 2.000000000000000042e-02 3.919999999999999929e+00 5.860000000000000320e+00 7.975000000000000000e+01 6.510999999999999943e+01 3.740000000000000213e+00 3.509999999999999787e+00 1.899999999999999953e-02 8.870000000000000107e-02 1.100000000000000006e-01 2.399999999999999911e-01 5.400000000000000000e+01
4.000000000000000083e-02 3.200000000000000067e-01 1.100000000000000089e+00 4.990000000000000213e+00 8.326999999999999602e+01 7.354999999999999716e+01 6.650000000000000355e+00 3.930000000000000160e+00 1.799999999999999864e-02 5.770000000000000129e-02 8.000000000000000167e-02 2.300000000000000100e-01 5.300000000000000000e+01
1.000000000000000021e-02 5.999999999999999778e-02 3.879999999999999893e+00 4.080000000000000071e+00 8.234000000000000341e+01 4.265999999999999659e+01 2.200000000000000011e-01 4.580000000000000071e+00 1.799999999999999864e-02 1.847199999999999953e-01 2.000000000000000111e-01 3.200000000000000067e-01 4.700000000000000000e+01
1.000000000000000021e-02 4.500000000000000111e-01 1.000000000000000000e+00 3.859999999999999876e+00 7.926999999999999602e+01 3.771000000000000085e+01 8.199999999999999289e+00 5.669999999999999929e+00 1.200000000000000025e-02 1.817400000000000126e-01 2.000000000000000111e-01 3.200000000000000067e-01 4.300000000000000000e+01
1.000000000000000021e-02 7.000000000000000666e-02 9.910000000000000142e+00 6.620000000000000107e+00 2.273000000000000043e+01 2.928999999999999915e+01 9.869999999999999218e+00 3.759999999999999787e+00 1.799999999999999864e-02 2.003500000000000003e-01 2.099999999999999922e-01 2.500000000000000000e-01 4.500000000000000000e+01
2.000000000000000042e-02 2.600000000000000089e-01 7.009999999999999787e+00 8.279999999999999361e+00 4.928999999999999915e+01 3.850999999999999801e+01 4.929999999999999716e+00 6.730000000000000426e+00 1.299999999999999940e-02 2.911099999999999799e-01 2.999999999999999889e-01 3.699999999999999956e-01 4.800000000000000000e+01
4.000000000000000083e-02 4.699999999999999734e-01 9.240000000000000213e+00 3.370000000000000107e+00 2.837999999999999901e+01 5.203000000000000114e+01 3.609999999999999876e+00 2.310000000000000053e+00 1.799999999999999864e-02 2.431099999999999928e-01 2.500000000000000000e-01 2.899999999999999800e-01 6.600000000000000000e+01
1.000000000000000021e-02 4.400000000000000022e-01 8.990000000000000213e+00 9.890000000000000568e+00 5.299999999999999822e+00 6.215999999999999659e+01 4.410000000000000142e+00 3.270000000000000018e+00 1.700000000000000122e-02 2.861699999999999799e-01 2.800000000000000266e-01 2.999999999999999889e-01 5.500000000000000000e+01
1.000000000000000021e-02 4.199999999999999845e-01 9.339999999999999858e+00 2.339999999999999858e+00 2.594999999999999929e+01 6.064000000000000057e+01 6.899999999999999467e-01 3.209999999999999964e+00 2.400000000000000050e-02 3.733999999999999819e-02 5.999999999999999778e-02 1.300000000000000044e-01 4.600000000000000000e+01
4.000000000000000083e-02 3.699999999999999956e-01 1.399999999999999911e+00 6.969999999999999751e+00 1.914000000000000057e+01 3.795000000000000284e+01 4.790000000000000036e+00 3.560000000000000053e+00 1.499999999999999944e-02 2.869499999999999829e-01 2.999999999999999889e-01 3.699999999999999956e-01 6.000000000000000000e+01
1.000000000000000021e-02 2.200000000000000011e-01 2.290000000000000036e+00 4.290000000000000036e+00 6.740999999999999659e+01 4.502000000000000313e+01 8.490000000000000213e+00 6.929999999999999716e+00 1.700000000000000122e-02 1.419400000000000106e-01 1.600000000000000033e-01 2.700000000000000178e-01 5.000000000000000000e+01
2.999999999999999889e-02 1.199999999999999956e-01 9.279999999999999361e+00 5.480000000000000426e+00 1.957000000000000028e+01 7.010999999999999943e+01 3.330000000000000071e+00 5.809999999999999609e+00 1.400000000000000029e-02 1.956199999999999883e-01 2.000000000000000111e-01 2.300000000000000100e-01 6.300000000000000000e+01
4.000000000000000083e-02 4.199999999999999845e-01 5.150000000000000355e+00 7.259999999999999787e+00 6.247999999999999687e+01 2.989000000000000057e+01 1.760000000000000009e+00 2.609999999999999876e+00 1.700000000000000122e-02 2.723099999999999965e-01 2.800000000000000266e-01 3.699999999999999956e-01 5.500000000000000000e+01
1.000000000000000021e-02 4.699999999999999734e-01 6.759999999999999787e+00 7.509999999999999787e+00 1.531000000000000050e+01 4.722999999999999687e+01 5.629999999999999893e+00 3.020000000000000018e+00 1.600000000000000033e-02 2.541399999999999770e-01 2.600000000000000089e-01 2.899999999999999800e-01 4.600000000000000000e+01
2.000000000000000042e-02 8.000000000000000167e-02 8.630000000000000782e+00 6.820000000000000284e+00 7.043999999999999773e+01 2.719999999999999929e+01 5.870000000000000107e+00 6.370000000000000107e+00 1.799999999999999864e-02 1.509699999999999931e-01 1.700000000000000122e-01 2.700000000000000178e-01 5.200000000000000000e+01
1.000000000000000021e-02 2.700000000000000178e-01 5.929999999999999716e+00 9.310000000000000497e+00 5.325999999999999801e+01 7.976000000000000512e+01 7.339999999999999858e+00 6.849999999999999645e+00 1.799999999999999864e-02 2.193799999999999917e-01 2.300000000000000100e-01 3.099999999999999978e-01 4.400000000000000000e+01
4.000000000000000083e-02 2.899999999999999800e-01 7.879999999999999893e+00 6.950000000000000178e+00 5.361999999999999744e+01 7.831999999999999318e+01 5.980000000000000426e+00 6.290000000000000036e+00 2.000000000000000042e-02 4.889999999999999902e-02 7.000000000000000666e-02 1.700000000000000122e-01 6.000000000000000000e+01
1.000000000000000021e-02 7.000000000000000666e-02 7.299999999999999822e+00 2.549999999999999822e+00 5.910000000000000142e+01 6.814000000000000057e+01 7.410000000000000142e+00 6.330000000000000071e+00 1.099999999999999936e-02 6.285000000000000309e-02 8.000000000000000167e-02 1.799999999999999933e-01 4.300000000000000000e+01
5.000000000000000278e-02 4.000000000000000083e-02 8.619999999999999218e+00 6.360000000000000320e+00 1.823999999999999844e+01 3.256000000000000227e+01 9.119999999999999218e+00 6.500000000000000000e+00 2.000000000000000042e-02 7.541000000000000481e-02 8.999999999999999667e-02 1.300000000000000044e-01 5.300000000000000000e+01
1.000000000000000021e-02 4.500000000000000111e-01 7.139999999999999680e+00 8.199999999999999289e+00 2.076999999999999957e+01 7.812000000000000455e+01 6.549999999999999822e+00 3.620000000000000107e+00 1.400000000000000029e-02 1.729700000000000126e-01 1.799999999999999933e-01 2.200000000000000011e-01 4.500000000000000000e+01
1.000000000000000021e-02 5.999999999999999778e-02 9.730000000000000426e+00 3.830000000000000071e+00 7.830000000000000071e+00 2.598999999999999844e+01 4.629999999999999893e+00 3.709999999999999964e+00 2.100000000000000130e-02 1.452499999999999902e-01 1.499999999999999944e-01 1.700000000000000122e-01 5.300000000000000000e+01
2.999999999999999889e-02 1.300000000000000044e-01 9.080000000000000071e+00 8.519999999999999574e+00 2.887999999999999901e+01 2.525000000000000000e+01 8.470000000000000639e+00 4.089999999999999858e+00 2.199999999999999872e-02 2.559699999999999753e-01 2.600000000000000089e-01 3.099999999999999978e-01 4.900000000000000000e+01
5.000000000000000278e-02 5.999999999999999778e-02 7.089999999999999858e+00 3.529999999999999805e+00 4.527000000000000313e+01 4.938000000000000256e+01 2.930000000000000160e+00 5.570000000000000284e+00 2.100000000000000130e-02 1.460400000000000031e-01 1.600000000000000033e-01 2.300000000000000100e-01 6.600000000000000000e+01
2.999999999999999889e-02 4.299999999999999933e-01 9.339999999999999858e+00 5.549999999999999822e+00 2.314999999999999858e+01 5.346000000000000085e+01 5.759999999999999787e+00 2.240000000000000213e+00 1.299999999999999940e-02 7.340000000000000691e-02 8.000000000000000167e-02 1.300000000000000044e-01 5.600000000000000000e+01
4.000000000000000083e-02 1.000000000000000021e-02 7.410000000000000142e+00 8.210000000000000853e+00 3.296000000000000085e+01 4.865999999999999659e+01 3.270000000000000018e+00 2.490000000000000213e+00 1.600000000000000033e-02 1.900699999999999890e-01 2.000000000000000111e-01 2.500000000000000000e-01 6.100000000000000000e+01
2.000000000000000042e-02 7.000000000000000666e-02 7.169999999999999929e+00 5.790000000000000036e+00 4.425000000000000000e+01 2.835000000000000142e+01 2.990000000000000213e+00 3.589999999999999858e+00 1.600000000000000033e-02 2.219200000000000061e-01 2.300000000000000100e-01 2.999999999999999889e-01 5.400000000000000000e+01
2.999999999999999889e-02 4.899999999999999911e-01 7.519999999999999574e+00 4.320000000000000284e+00 2.866000000000000014e+01 5.950999999999999801e+01 6.410000000000000142e+00 4.049999999999999822e+00 1.400000000000000029e-02 9.511000000000000010e-02 1.100000000000000006e-01 1.600000000000000033e-01 5.700000000000000000e+01
2.999999999999999889e-02 3.099999999999999978e-01 5.200000000000000178e-01 8.970000000000000639e+00 1.024000000000000021e+01 5.053999999999999915e+01 3.509999999999999787e+00 2.779999999999999805e+00 2.299999999999999961e-02 1.906299999999999939e-01 2.099999999999999922e-01 3.300000000000000155e-01 6.100000000000000000e+01
4.000000000000000083e-02 1.400000000000000133e-01 1.909999999999999920e+00 2.220000000000000195e+00 2.776000000000000156e+01 7.464000000000000057e+01 5.300000000000000266e-01 3.540000000000000036e+00 2.000000000000000042e-02 2.616499999999999937e-01 2.700000000000000178e-01 3.499999999999999778e-01 7.400000000000000000e+01
2.000000000000000042e-02 1.400000000000000133e-01 4.580000000000000071e+00 8.779999999999999361e+00 3.019999999999999929e+01 3.614999999999999858e+01 1.799999999999999933e-01 2.000000000000000000e+00 2.100000000000000130e-02 7.429999999999999973e-03 2.999999999999999889e-02 1.100000000000000006e-01 4.700000000000000000e+01
4.000000000000000083e-02 4.400000000000000022e-01 2.620000000000000107e+00 2.040000000000000036e+00 1.858999999999999986e+01 6.770000000000000284e+01 4.799999999999999822e-01 5.009999999999999787e+00 1.600000000000000033e-02 5.510000000000000141e-03 2.999999999999999889e-02 1.000000000000000056e-01 1.010000000000000000e+02
2.999999999999999889e-02 4.199999999999999845e-01 6.719999999999999751e+00 3.470000000000000195e+00 1.655000000000000071e+01 3.349000000000000199e+01 8.779999999999999361e+00 3.390000000000000124e+00 2.000000000000000042e-02 1.189700000000000063e-01 1.300000000000000044e-01 1.600000000000000033e-01 5.100000000000000000e+01
2.999999999999999889e-02 1.799999999999999933e-01 9.169999999999999929e+00 9.710000000000000853e+00 5.222999999999999687e+01 6.050000000000000000e+01 8.109999999999999432e+00 4.490000000000000213e+00 1.700000000000000122e-02 7.825000000000000011e-02 1.000000000000000056e-01 1.900000000000000022e-01 5.500000000000000000e+01
2.999999999999999889e-02 4.899999999999999911e-01 9.570000000000000284e+00 4.639999999999999680e+00 1.496000000000000085e+01 5.960999999999999943e+01 2.589999999999999858e+00 5.950000000000000178e+00 2.299999999999999961e-02 1.980999999999999983e-01 2.099999999999999922e-01 2.399999999999999911e-01 5.300000000000000000e+01
5.000000000000000278e-02 4.899999999999999911e-01 3.990000000000000213e+00 2.430000000000000160e+00 5.150000000000000000e+01 4.363000000000000256e+01 6.179999999999999716e+00 3.100000000000000089e+00 1.700000000000000122e-02 3.506000000000000089e-02 5.999999999999999778e-02 1.600000000000000033e-01 5.700000000000000000e+01
2.999999999999999889e-02 1.900000000000000022e-01 8.160000000000000142e+00 7.580000000000000071e+00 8.234000000000000341e+01 5.618999999999999773e+01 5.129999999999999893e+00 3.029999999999999805e+00 2.000000000000000042e-02 2.987500000000000155e-01 3.099999999999999978e-01 4.199999999999999845e-01 5.400000000000000000e+01
4.000000000000000083e-02 1.900000000000000022e-01 6.759999999999999787e+00 9.000000000000000000e+00 5.760999999999999943e+01 2.796000000000000085e+01 3.109999999999999876e+00 4.250000000000000000e+00 1.200000000000000025e-02 8.068000000000000171e-02 8.999999999999999667e-02 1.900000000000000022e-01 4.900000000000000000e+01
4.000000000000000083e-02 3.900000000000000133e-01 2.779999999999999805e+00 6.919999999999999929e+00 4.772999999999999687e+01 4.350999999999999801e+01 3.089999999999999858e+00 3.410000000000000142e+00 1.799999999999999864e-02 1.208100000000000007e-01 1.400000000000000133e-01 2.099999999999999922e-01 6.000000000000000000e+01
1.000000000000000021e-02 3.200000000000000067e-01 6.280000000000000249e+00 8.289999999999999147e+00 3.640999999999999659e+01 4.471000000000000085e+01 7.320000000000000284e+00 2.899999999999999911e+00 1.200000000000000025e-02 2.582999999999999741e-01 2.600000000000000089e-01 3.200000000000000067e-01 4.700000000000000000e+01
2.000000000000000042e-02 3.599999999999999867e-01 6.879999999999999893e+00 9.269999999999999574e+00 7.165999999999999659e+01 6.670000000000000284e+01 2.600000000000000089e+00 5.980000000000000426e+00 2.000000000000000042e-02 2.974600000000000022e-01 3.099999999999999978e-01 4.099999999999999756e-01 5.200000000000000000e+01
2.000000000000000042e-02 1.600000000000000033e-01 7.429999999999999716e+00 2.709999999999999964e+00 4.503999999999999915e+01 6.785999999999999943e+01 4.240000000000000213e+00 5.639999999999999680e+00 1.499999999999999944e-02 1.457900000000000029e-01 1.600000000000000033e-01 2.300000000000000100e-01 5.200000000000000000e+01
1.000000000000000021e-02 8.000000000000000167e-02 1.610000000000000098e+00 4.320000000000000284e+00 3.620000000000000284e+01 5.713000000000000256e+01 8.080000000000000071e+00 2.629999999999999893e+00 1.499999999999999944e-02 7.810000000000000275e-02 1.000000000000000056e-01 2.099999999999999922e-01 5.200000000000000000e+01
1.000000000000000021e-02 2.600000000000000089e-01 1.500000000000000000e+00 7.200000000000000178e+00 5.334000000000000341e+01 2.614000000000000057e+01 1.100000000000000089e+00 2.319999999999999840e+00 1.899999999999999953e-02 8.840000000000000635e-03 4.000000000000000083e-02 1.900000000000000022e-01 5.100000000000000000e+01
1.000000000000000021e-02 1.700000000000000122e-01 1.439999999999999947e+00 4.009999999999999787e+00 2.514000000000000057e+01 5.354999999999999716e+01 2.279999999999999805e+00 2.200000000000000178e+00 2.100000000000000130e-02 2.630500000000000060e-01 2.800000000000000266e-01 3.699999999999999956e-01 6.200000000000000000e+01
4.000000000000000083e-02 1.199999999999999956e-01 7.679999999999999716e+00 6.280000000000000249e+00 3.917999999999999972e+01 3.975000000000000000e+01 2.740000000000000213e+00 3.430000000000000160e+00 1.700000000000000122e-02 2.610399999999999943e-01 2.700000000000000178e-01 3.300000000000000155e-01 6.000000000000000000e+01
5.000000000000000278e-02 4.699999999999999734e-01 2.979999999999999982e+00 4.009999999999999787e+00 3.417999999999999972e+01 3.509000000000000341e+01 1.389999999999999902e+00 3.430000000000000160e+00 2.400000000000000050e-02 1.227099999999999996e-01 1.499999999999999944e-01 2.000000000000000111e-01 7.700000000000000000e+01
4.000000000000000083e-02 5.999999999999999778e-02 9.599999999999999645e+00 5.900000000000000355e+00 5.578000000000000114e+01 7.323000000000000398e+01 8.839999999999999858e+00 6.780000000000000249e+00 1.200000000000000025e-02 2.812700000000000200e-01 2.899999999999999800e-01 3.599999999999999867e-01 5.000000000000000000e+01
2.000000000000000042e-02 3.400000000000000244e-01 5.500000000000000000e+00 7.360000000000000320e+00 8.375000000000000000e+01 5.946999999999999886e+01 8.259999999999999787e+00 4.910000000000000142e+00 1.299999999999999940e-02 2.273799999999999988e-01 2.399999999999999911e-01 3.499999999999999778e-01 4.600000000000000000e+01
4.000000000000000083e-02 1.900000000000000022e-01 7.089999999999999858e+00 9.179999999999999716e+00 6.629999999999999716e+01 2.562000000000000099e+01 3.200000000000000178e+00 2.370000000000000107e+00 1.400000000000000029e-02 9.388000000000000511e-02 1.100000000000000006e-01 2.099999999999999922e-01 5.100000000000000000e+01
2.000000000000000042e-02 4.799999999999999822e-01 3.240000000000000213e+00 9.689999999999999503e+00 5.432999999999999829e+01 3.235000000000000142e+01 1.989999999999999991e+00 3.850000000000000089e+00 1.600000000000000033e-02 1.068100000000000022e-01 1.199999999999999956e-01 2.099999999999999922e-01 5.100000000000000000e+01
2.999999999999999889e-02 4.299999999999999933e-01 1.030000000000000027e+00 9.080000000000000071e+00 5.709000000000000341e+01 4.496000000000000085e+01 9.419999999999999929e+00 3.790000000000000036e+00 2.199999999999999872e-02 3.620000000000000301e-02 7.000000000000000666e-02 2.200000000000000011e-01 5.800000000000000000e+01
2.000000000000000042e-02 1.000000000000000056e-01 2.089999999999999858e+00 2.169999999999999929e+00 5.743999999999999773e+01 4.296000000000000085e+01 6.620000000000000107e+00 3.629999999999999893e+00 1.400000000000000029e-02 2.600799999999999779e-01 2.700000000000000178e-01 3.599999999999999867e-01 5.100000000000000000e+01
4.000000000000000083e-02 1.100000000000000006e-01 7.070000000000000284e+00 7.400000000000000355e+00 6.010999999999999943e+01 6.568000000000000682e+01 6.410000000000000142e+00 7.000000000000000000e+00 2.299999999999999961e-02 1.073800000000000032e-01 1.300000000000000044e-01 2.300000000000000100e-01 6.300000000000000000e+01
2.999999999999999889e-02 5.000000000000000000e-01 4.650000000000000355e+00 2.649999999999999911e+00 5.057000000000000028e+01 7.051000000000000512e+01 1.969999999999999973e+00 6.849999999999999645e+00 1.899999999999999953e-02 1.595399999999999874e-01 1.700000000000000122e-01 2.500000000000000000e-01 5.900000000000000000e+01
1.000000000000000021e-02 3.400000000000000244e-01 4.889999999999999680e+00 6.089999999999999858e+00 1.951000000000000156e+01 6.439000000000000057e+01 1.000000000000000056e-01 3.229999999999999982e+00 1.499999999999999944e-02 1.419400000000000106e-01 1.499999999999999944e-01 1.900000000000000022e-01 4.400000000000000000e+01
4.000000000000000083e-02 1.100000000000000006e-01 9.399999999999999467e-01 7.990000000000000213e+00 1.063000000000000078e+01 5.031000000000000227e+01 7.000000000000000666e-02 6.160000000000000142e+00 1.799999999999999864e-02 1.710899999999999921e-01 1.900000000000000022e-01 2.899999999999999800e-01 6.100000000000000000e+01
1.000000000000000021e-02 1.000000000000000056e-01 1.620000000000000107e+00 9.779999999999999361e+00 5.132000000000000028e+01 4.240999999999999659e+01 1.000000000000000056e-01 6.700000000000000178e+00 1.299999999999999940e-02 1.086799999999999988e-01 1.199999999999999956e-01 2.399999999999999911e-01 4.800000000000000000e+01
4.000000000000000083e-02 1.100000000000000006e-01 3.200000000000000067e-01 8.750000000000000000e+00 8.417000000000000171e+01 3.058999999999999986e+01 4.700000000000000178e+00 3.680000000000000160e+00 2.299999999999999961e-02 1.740999999999999839e-02 5.999999999999999778e-02 2.300000000000000100e-01 5.600000000000000000e+01
2.999999999999999889e-02 1.799999999999999933e-01 8.470000000000000639e+00 5.639999999999999680e+00 4.971999999999999886e+01 3.799000000000000199e+01 5.139999999999999680e+00 5.230000000000000426e+00 1.700000000000000122e-02 2.858200000000000185e-01 2.899999999999999800e-01 3.599999999999999867e-01 5.600000000000000000e+01
2.000000000000000042e-02 4.000000000000000083e-02 5.849999999999999645e+00 4.250000000000000000e+00 8.151999999999999602e+01 4.467000000000000171e+01 2.729999999999999982e+00 6.200000000000000178e+00 1.499999999999999944e-02 9.167999999999999761e-02 1.100000000000000006e-01 2.399999999999999911e-01 4.800000000000000000e+01
4.000000000000000083e-02 5.999999999999999778e-02 6.600000000000000311e-01 5.599999999999999645e+00 2.712999999999999901e+01 2.792000000000000171e+01 5.820000000000000284e+00 4.250000000000000000e+00 2.000000000000000042e-02 2.702999999999999847e-02 5.999999999999999778e-02 2.000000000000000111e-01 6.100000000000000000e+01
