2.000000000000000042e-02 2.399999999999999911e-01 5.620000000000000107e+00 7.919999999999999929e+00 1.657000000000000028e+01 5.110999999999999943e+01 8.439999999999999503e+00 2.259999999999999787e+00 1.299999999999999940e-02 9.710000000000000575e-02 1.000000000000000056e-01 1.400000000000000133e-01 5.900000000000000000e+01
4.000000000000000083e-02 1.100000000000000006e-01 1.169999999999999929e+00 5.580000000000000071e+00 3.447999999999999687e+01 5.413000000000000256e+01 7.980000000000000426e+00 4.030000000000000249e+00 1.200000000000000025e-02 1.855100000000000082e-01 2.000000000000000111e-01 2.899999999999999800e-01 5.200000000000000000e+01
2.000000000000000042e-02 3.099999999999999978e-01 2.229999999999999982e+00 5.019999999999999574e+00 2.167000000000000171e+01 3.357999999999999829e+01 4.000000000000000222e-01 2.589999999999999858e+00 2.299999999999999961e-02 1.533700000000000063e-01 1.700000000000000122e-01 2.399999999999999911e-01 8.500000000000000000e+01
4.000000000000000083e-02 3.400000000000000244e-01 2.040000000000000036e+00 3.870000000000000107e+00 6.806999999999999318e+01 4.350999999999999801e+01 7.530000000000000249e+00 3.299999999999999822e+00 1.299999999999999940e-02 2.321199999999999930e-01 2.399999999999999911e-01 3.300000000000000155e-01 5.100000000000000000e+01
1.000000000000000021e-02 2.600000000000000089e-01 2.100000000000000089e+00 4.799999999999999822e+00 8.476000000000000512e+01 3.390999999999999659e+01 2.799999999999999822e+00 6.309999999999999609e+00 1.799999999999999864e-02 2.972199999999999842e-01 3.099999999999999978e-01 4.299999999999999933e-01 4.800000000000000000e+01
2.000000000000000042e-02 1.000000000000000021e-02 4.910000000000000142e+00 2.350000000000000089e+00 7.798999999999999488e+01 5.014000000000000057e+01 5.839999999999999858e+00 2.850000000000000089e+00 1.400000000000000029e-02 1.444600000000000051e-01 1.600000000000000033e-01 2.700000000000000178e-01 4.700000000000000000e+01
1.000000000000000021e-02 4.299999999999999933e-01 4.879999999999999893e+00 6.559999999999999609e+00 7.217000000000000171e+01 4.214999999999999858e+01 1.989999999999999991e+00 6.490000000000000213e+00 1.799999999999999864e-02 3.105000000000000121e-02 5.999999999999999778e-02 1.400000000000000133e-01 7.700000000000000000e+01
2.000000000000000042e-02 2.800000000000000266e-01 4.719999999999999751e+00 3.209999999999999964e+00 2.276000000000000156e+01 6.779000000000000625e+01 3.560000000000000053e+00 3.129999999999999893e+00 1.799999999999999864e-02 1.614000000000000157e-02 2.999999999999999889e-02 1.000000000000000056e-01 4.700000000000000000e+01
2.999999999999999889e-02 1.400000000000000133e-01 8.330000000000000071e+00 4.669999999999999929e+00 7.773000000000000398e+01 3.988000000000000256e+01 7.809999999999999609e+00 3.459999999999999964e+00 2.100000000000000130e-02 6.250999999999999612e-02 8.999999999999999667e-02 2.200000000000000011e-01 5.600000000000000000e+01
1.000000000000000021e-02 2.700000000000000178e-01 6.899999999999999467e-01 4.959999999999999964e+00 7.290000000000000568e+01 7.531000000000000227e+01 5.589999999999999858e+00 3.620000000000000107e+00 1.700000000000000122e-02 2.789800000000000058e-01 2.899999999999999800e-01 4.199999999999999845e-01 4.700000000000000000e+01
4.000000000000000083e-02 2.000000000000000111e-01 8.210000000000000853e+00 7.059999999999999609e+00 3.071999999999999886e+01 4.803000000000000114e+01 1.850000000000000089e+00 4.200000000000000178e+00 1.299999999999999940e-02 9.280000000000000054e-03 2.999999999999999889e-02 1.000000000000000056e-01 5.300000000000000000e+01
2.999999999999999889e-02 2.500000000000000000e-01 8.689999999999999503e+00 3.589999999999999858e+00 4.464000000000000057e+01 6.879000000000000625e+01 6.839999999999999858e+00 5.740000000000000213e+00 1.499999999999999944e-02 1.409799999999999942e-01 1.499999999999999944e-01 2.200000000000000011e-01 5.400000000000000000e+01
5.000000000000000278e-02 4.299999999999999933e-01 5.969999999999999751e+00 8.650000000000000355e+00 4.524000000000000199e+01 2.582999999999999829e+01 9.939999999999999503e+00 4.669999999999999929e+00 2.199999999999999872e-02 6.630999999999999395e-02 8.999999999999999667e-02 1.700000000000000122e-01 6.600000000000000000e+01
2.000000000000000042e-02 1.900000000000000022e-01 2.959999999999999964e+00 3.140000000000000124e+00 5.435999999999999943e+01 3.089000000000000057e+01 3.950000000000000178e+00 3.620000000000000107e+00 2.000000000000000042e-02 1.302000000000000032e-02 4.000000000000000083e-02 1.600000000000000033e-01 5.400000000000000000e+01
2.000000000000000042e-02 4.000000000000000222e-01 2.799999999999999822e+00 4.000000000000000000e+00 5.420000000000000284e+01 3.543999999999999773e+01 5.480000000000000426e+00 2.629999999999999893e+00 2.299999999999999961e-02 1.312300000000000133e-01 1.499999999999999944e-01 2.399999999999999911e-01 4.600000000000000000e+01
2.999999999999999889e-02 8.000000000000000167e-02 5.799999999999999822e+00 3.479999999999999982e+00 4.834000000000000341e+01 7.945999999999999375e+01 5.919999999999999929e+00 2.720000000000000195e+00 1.200000000000000025e-02 2.013999999999999957e-01 2.099999999999999922e-01 2.800000000000000266e-01 4.900000000000000000e+01
1.000000000000000021e-02 4.500000000000000111e-01 5.379999999999999893e+00 9.630000000000000782e+00 2.775000000000000000e+01 6.873999999999999488e+01 9.400000000000000355e+00 4.429999999999999716e+00 1.299999999999999940e-02 1.687500000000000111e-01 1.799999999999999933e-01 2.200000000000000011e-01 5.000000000000000000e+01
4.000000000000000083e-02 7.000000000000000666e-02 3.259999999999999787e+00 6.019999999999999574e+00 5.471999999999999886e+01 7.470999999999999375e+01 4.780000000000000249e+00 5.290000000000000036e+00 1.700000000000000122e-02 1.286999999999999950e-02 4.000000000000000083e-02 1.499999999999999944e-01 5.400000000000000000e+01
5.000000000000000278e-02 4.000000000000000083e-02 8.750000000000000000e+00 3.939999999999999947e+00 3.032000000000000028e+01 6.501999999999999602e+01 7.669999999999999929e+00 6.129999999999999893e+00 1.899999999999999953e-02 2.343200000000000005e-01 2.399999999999999911e-01 2.899999999999999800e-01 6.900000000000000000e+01
1.000000000000000021e-02 1.700000000000000122e-01 2.620000000000000107e+00 4.290000000000000036e+00 1.527999999999999936e+01 6.177000000000000313e+01 5.490000000000000213e+00 6.990000000000000213e+00 1.200000000000000025e-02 1.709299999999999986e-01 1.799999999999999933e-01 2.200000000000000011e-01 8.700000000000000000e+01
5.000000000000000278e-02 1.799999999999999933e-01 3.160000000000000142e+00 6.219999999999999751e+00 3.542999999999999972e+01 2.537999999999999901e+01 2.080000000000000071e+00 2.379999999999999893e+00 1.499999999999999944e-02 8.329999999999999905e-02 1.000000000000000056e-01 1.600000000000000033e-01 5.900000000000000000e+01
1.000000000000000021e-02 1.199999999999999956e-01 4.190000000000000391e+00 5.400000000000000355e+00 6.598999999999999488e+01 7.634000000000000341e+01 1.229999999999999982e+00 4.040000000000000036e+00 1.499999999999999944e-02 2.417100000000000082e-01 2.500000000000000000e-01 3.499999999999999778e-01 4.600000000000000000e+01
2.000000000000000042e-02 1.100000000000000006e-01 6.959999999999999964e+00 5.150000000000000355e+00 3.137000000000000099e+01 6.068999999999999773e+01 1.439999999999999947e+00 2.390000000000000124e+00 2.299999999999999961e-02 8.708000000000000462e-02 1.100000000000000006e-01 1.700000000000000122e-01 4.700000000000000000e+01
4.000000000000000083e-02 4.899999999999999911e-01 9.029999999999999361e+00 8.609999999999999432e+00 8.023000000000000398e+01 4.384000000000000341e+01 7.530000000000000249e+00 6.839999999999999858e+00 2.100000000000000130e-02 2.532599999999999851e-01 2.700000000000000178e-01 3.800000000000000044e-01 5.700000000000000000e+01
5.000000000000000278e-02 1.300000000000000044e-01 4.099999999999999645e+00 4.820000000000000284e+00 7.780000000000000249e+00 4.961999999999999744e+01 4.599999999999999645e+00 2.509999999999999787e+00 2.100000000000000130e-02 1.049100000000000033e-01 1.100000000000000006e-01 1.300000000000000044e-01 6.100000000000000000e+01
4.000000000000000083e-02 8.000000000000000167e-02 9.179999999999999716e+00 5.049999999999999822e+00 3.864999999999999858e+01 7.815000000000000568e+01 9.669999999999999929e+00 5.540000000000000036e+00 1.099999999999999936e-02 2.577200000000000046e-01 2.600000000000000089e-01 3.200000000000000067e-01 5.100000000000000000e+01
4.000000000000000083e-02 2.300000000000000100e-01 9.140000000000000568e+00 2.279999999999999805e+00 3.871999999999999886e+01 5.575999999999999801e+01 6.429999999999999716e+00 4.070000000000000284e+00 2.400000000000000050e-02 3.470999999999999780e-02 5.999999999999999778e-02 1.499999999999999944e-01 6.800000000000000000e+01
4.000000000000000083e-02 3.499999999999999778e-01 3.779999999999999805e+00 5.440000000000000391e+00 3.171000000000000085e+01 7.329999999999999716e+01 4.919999999999999929e+00 4.160000000000000142e+00 1.499999999999999944e-02 2.693900000000000183e-01 2.700000000000000178e-01 3.200000000000000067e-01 5.800000000000000000e+01
1.000000000000000021e-02 3.400000000000000244e-01 5.469999999999999751e+00 8.019999999999999574e+00 4.700000000000000000e+01 2.885999999999999943e+01 1.889999999999999902e+00 5.360000000000000320e+00 1.400000000000000029e-02 2.467699999999999894e-01 2.600000000000000089e-01 3.300000000000000155e-01 4.700000000000000000e+01
2.000000000000000042e-02 2.000000000000000111e-01 3.959999999999999964e+00 4.230000000000000426e+00 7.151999999999999602e+01 6.306000000000000227e+01 2.549999999999999822e+00 5.450000000000000178e+00 2.299999999999999961e-02 1.518700000000000050e-01 1.700000000000000122e-01 2.800000000000000266e-01 5.600000000000000000e+01
4.000000000000000083e-02 1.499999999999999944e-01 4.679999999999999716e+00 7.480000000000000426e+00 7.500000000000000000e+01 5.429999999999999716e+01 4.309999999999999609e+00 4.309999999999999609e+00 2.199999999999999872e-02 1.591899999999999982e-01 1.799999999999999933e-01 2.899999999999999800e-01 5.900000000000000000e+01
2.000000000000000042e-02 3.499999999999999778e-01 3.569999999999999840e+00 6.660000000000000142e+00 7.370000000000000107e+00 2.819999999999999929e+01 1.500000000000000000e+00 5.269999999999999574e+00 1.799999999999999864e-02 2.435100000000000042e-01 2.399999999999999911e-01 2.600000000000000089e-01 5.500000000000000000e+01
2.999999999999999889e-02 4.000000000000000222e-01 2.229999999999999982e+00 3.129999999999999893e+00 3.411999999999999744e+01 7.684000000000000341e+01 3.900000000000000133e-01 5.730000000000000426e+00 1.899999999999999953e-02 4.231000000000000039e-02 7.000000000000000666e-02 1.600000000000000033e-01 6.900000000000000000e+01
2.999999999999999889e-02 4.299999999999999933e-01 3.959999999999999964e+00 2.459999999999999964e+00 4.200000000000000000e+01 6.117999999999999972e+01 7.889999999999999680e+00 2.770000000000000018e+00 1.299999999999999940e-02 1.401999999999999913e-01 1.499999999999999944e-01 2.200000000000000011e-01 5.100000000000000000e+01
1.000000000000000021e-02 3.900000000000000133e-01 5.769999999999999574e+00 9.009999999999999787e+00 4.570000000000000284e+01 4.156000000000000227e+01 6.120000000000000107e+00 2.359999999999999876e+00 1.499999999999999944e-02 1.533799999999999886e-01 1.600000000000000033e-01 2.399999999999999911e-01 4.800000000000000000e+01
2.000000000000000042e-02 3.400000000000000244e-01 7.089999999999999858e+00 4.110000000000000320e+00 3.629999999999999716e+01 4.199000000000000199e+01 5.519999999999999574e+00 2.600000000000000089e+00 2.199999999999999872e-02 8.219999999999999529e-02 1.000000000000000056e-01 1.700000000000000122e-01 4.600000000000000000e+01
1.000000000000000021e-02 2.200000000000000011e-01 8.169999999999999929e+00 2.740000000000000213e+00 5.681000000000000227e+01 4.629999999999999716e+01 0.000000000000000000e+00 6.980000000000000426e+00 1.899999999999999953e-02 1.178799999999999987e-01 1.400000000000000133e-01 2.300000000000000100e-01 4.300000000000000000e+01
2.999999999999999889e-02 1.799999999999999933e-01 5.959999999999999964e+00 4.969999999999999751e+00 8.479000000000000625e+01 7.281999999999999318e+01 5.080000000000000071e+00 4.009999999999999787e+00 1.200000000000000025e-02 6.704999999999999849e-02 8.000000000000000167e-02 2.099999999999999922e-01 4.600000000000000000e+01
4.000000000000000083e-02 3.699999999999999956e-01 6.750000000000000000e+00 3.830000000000000071e+00 9.259999999999999787e+00 6.609000000000000341e+01 1.510000000000000009e+00 3.870000000000000107e+00 1.099999999999999936e-02 2.665999999999999967e-02 2.999999999999999889e-02 5.999999999999999778e-02 6.200000000000000000e+01
2.000000000000000042e-02 1.100000000000000006e-01 6.330000000000000071e+00 6.059999999999999609e+00 1.244999999999999929e+01 4.132000000000000028e+01 3.330000000000000071e+00 6.759999999999999787e+00 1.099999999999999936e-02 1.338000000000000023e-01 1.400000000000000133e-01 1.600000000000000033e-01 4.700000000000000000e+01
4.000000000000000083e-02 1.000000000000000056e-01 6.300000000000000044e-01 8.230000000000000426e+00 3.956000000000000227e+01 6.679000000000000625e+01 8.810000000000000497e+00 5.410000000000000142e+00 1.499999999999999944e-02 1.290300000000000058e-01 1.499999999999999944e-01 2.700000000000000178e-01 5.200000000000000000e+01
2.000000000000000042e-02 1.100000000000000006e-01 1.739999999999999991e+00 3.450000000000000178e+00 7.084999999999999432e+01 5.484000000000000341e+01 2.459999999999999964e+00 5.780000000000000249e+00 1.299999999999999940e-02 2.466200000000000059e-01 2.600000000000000089e-01 3.599999999999999867e-01 4.800000000000000000e+01
1.000000000000000021e-02 4.400000000000000022e-01 5.669999999999999929e+00 4.990000000000000213e+00 7.604999999999999716e+01 6.392999999999999972e+01 6.459999999999999964e+00 2.939999999999999947e+00 2.199999999999999872e-02 1.773800000000000099e-01 2.000000000000000111e-01 3.099999999999999978e-01 4.300000000000000000e+01
2.000000000000000042e-02 4.400000000000000022e-01 7.049999999999999822e+00 4.500000000000000000e+00 8.273999999999999488e+01 3.867000000000000171e+01 6.660000000000000142e+00 2.470000000000000195e+00 1.299999999999999940e-02 8.758000000000000507e-02 1.000000000000000056e-01 2.300000000000000100e-01 4.600000000000000000e+01
2.999999999999999889e-02 1.400000000000000133e-01 3.100000000000000089e+00 4.469999999999999751e+00 2.116000000000000014e+01 6.109000000000000341e+01 3.129999999999999893e+00 2.689999999999999947e+00 1.700000000000000122e-02 9.983000000000000207e-02 1.100000000000000006e-01 1.600000000000000033e-01 1.250000000000000000e+02
2.999999999999999889e-02 2.300000000000000100e-01 1.169999999999999929e+00 3.950000000000000178e+00 6.462000000000000455e+01 7.790000000000000568e+01 1.709999999999999964e+00 6.780000000000000249e+00 2.000000000000000042e-02 9.700000000000000505e-04 4.000000000000000083e-02 2.000000000000000111e-01 5.300000000000000000e+01
2.999999999999999889e-02 4.199999999999999845e-01 7.950000000000000178e+00 9.330000000000000071e+00 5.052000000000000313e+01 2.825000000000000000e+01 1.300000000000000044e-01 3.240000000000000213e+00 1.299999999999999940e-02 1.511599999999999888e-01 1.600000000000000033e-01 2.399999999999999911e-01 5.000000000000000000e+01
1.000000000000000021e-02 4.199999999999999845e-01 8.919999999999999929e+00 5.860000000000000320e+00 2.469999999999999929e+01 5.071000000000000085e+01 2.049999999999999822e+00 4.709999999999999964e+00 2.299999999999999961e-02 1.606700000000000073e-01 1.700000000000000122e-01 2.200000000000000011e-01 4.700000000000000000e+01
4.000000000000000083e-02 4.400000000000000022e-01 8.039999999999999147e+00 3.069999999999999840e+00 4.082000000000000028e+01 5.129999999999999716e+01 4.839999999999999858e+00 3.520000000000000018e+00 2.299999999999999961e-02 4.155999999999999972e-02 7.000000000000000666e-02 1.499999999999999944e-01 6.600000000000000000e+01
2.999999999999999889e-02 3.300000000000000155e-01 6.889999999999999680e+00 9.869999999999999218e+00 6.135999999999999943e+01 3.845000000000000284e+01 6.800000000000000488e-01 6.830000000000000071e+00 2.100000000000000130e-02 8.011000000000000065e-02 1.000000000000000056e-01 2.099999999999999922e-01 5.800000000000000000e+01
2.999999999999999889e-02 2.000000000000000042e-02 8.490000000000000213e+00 3.520000000000000018e+00 3.021000000000000085e+01 2.625000000000000000e+01 7.700000000000000178e+00 3.790000000000000036e+00 2.000000000000000042e-02 2.421699999999999964e-01 2.500000000000000000e-01 2.999999999999999889e-01 4.900000000000000000e+01
1.000000000000000021e-02 3.300000000000000155e-01 5.839999999999999858e+00 3.009999999999999787e+00 3.900000000000000000e+01 6.140999999999999659e+01 5.339999999999999858e+00 5.419999999999999929e+00 1.899999999999999953e-02 2.947500000000000120e-01 2.999999999999999889e-01 3.599999999999999867e-01 4.400000000000000000e+01
2.999999999999999889e-02 4.600000000000000200e-01 3.799999999999999822e+00 2.379999999999999893e+00 7.240999999999999659e+01 4.475999999999999801e+01 4.910000000000000142e+00 2.149999999999999911e+00 1.200000000000000025e-02 3.223000000000000170e-02 5.000000000000000278e-02 1.799999999999999933e-01 4.600000000000000000e+01
4.000000000000000083e-02 2.999999999999999889e-01 7.820000000000000284e+00 2.580000000000000071e+00 5.782999999999999829e+01 6.061999999999999744e+01 3.080000000000000071e+00 6.870000000000000107e+00 1.600000000000000033e-02 2.265999999999999959e-02 4.000000000000000083e-02 1.600000000000000033e-01 5.300000000000000000e+01
2.999999999999999889e-02 2.600000000000000089e-01 3.660000000000000142e+00 8.380000000000000782e+00 4.245000000000000284e+01 5.029999999999999716e+01 5.629999999999999893e+00 5.830000000000000071e+00 1.600000000000000033e-02 1.004599999999999937e-01 1.100000000000000006e-01 1.900000000000000022e-01 5.600000000000000000e+01
2.000000000000000042e-02 5.999999999999999778e-02 5.269999999999999574e+00 6.820000000000000284e+00 7.618999999999999773e+01 3.286999999999999744e+01 6.899999999999999467e-01 6.790000000000000036e+00 1.200000000000000025e-02 2.324199999999999877e-01 2.399999999999999911e-01 3.400000000000000244e-01 4.600000000000000000e+01
2.000000000000000042e-02 4.899999999999999911e-01 5.959999999999999964e+00 7.160000000000000142e+00 2.137000000000000099e+01 4.525999999999999801e+01 3.560000000000000053e+00 3.069999999999999840e+00 1.600000000000000033e-02 2.169000000000000095e-01 2.200000000000000011e-01 2.600000000000000089e-01 4.700000000000000000e+01
2.999999999999999889e-02 2.899999999999999800e-01 6.009999999999999787e+00 3.129999999999999893e+00 6.468999999999999773e+01 7.804000000000000625e+01 7.120000000000000107e+00 4.969999999999999751e+00 1.799999999999999864e-02 1.721799999999999997e-01 1.900000000000000022e-01 2.800000000000000266e-01 5.500000000000000000e+01
2.000000000000000042e-02 2.600000000000000089e-01 6.570000000000000284e+00 4.480000000000000426e+00 4.549000000000000199e+01 5.707000000000000028e+01 6.459999999999999964e+00 3.500000000000000000e+00 1.200000000000000025e-02 3.780000000000000027e-02 5.000000000000000278e-02 1.400000000000000133e-01 4.700000000000000000e+01
1.000000000000000021e-02 3.099999999999999978e-01 2.770000000000000018e+00 7.639999999999999680e+00 8.268999999999999773e+01 7.406999999999999318e+01 2.500000000000000000e-01 6.900000000000000355e+00 2.199999999999999872e-02 2.326199999999999934e-01 2.500000000000000000e-01 3.699999999999999956e-01 4.300000000000000000e+01
2.000000000000000042e-02 1.199999999999999956e-01 5.299999999999999822e+00 6.009999999999999787e+00 1.837999999999999901e+01 6.145000000000000284e+01 5.169999999999999929e+00 5.459999999999999964e+00 1.600000000000000033e-02 7.423000000000000431e-02 8.000000000000000167e-02 1.199999999999999956e-01 4.700000000000000000e+01
2.999999999999999889e-02 8.999999999999999667e-02 4.549999999999999822e+00 9.830000000000000071e+00 7.821999999999999886e+01 6.197999999999999687e+01 7.459999999999999964e+00 4.120000000000000107e+00 1.099999999999999936e-02 1.092299999999999938e-01 1.199999999999999956e-01 2.300000000000000100e-01 4.600000000000000000e+01
1.000000000000000021e-02 2.600000000000000089e-01 3.400000000000000244e-01 4.469999999999999751e+00 6.700000000000000000e+01 5.021000000000000085e+01 2.919999999999999929e+00 2.720000000000000195e+00 2.299999999999999961e-02 8.215000000000000080e-02 1.100000000000000006e-01 2.700000000000000178e-01 5.100000000000000000e+01
2.999999999999999889e-02 4.000000000000000083e-02 1.389999999999999902e+00 6.160000000000000142e+00 7.628000000000000114e+01 7.023999999999999488e+01 2.899999999999999911e+00 2.500000000000000000e+00 1.400000000000000029e-02 8.906999999999999640e-02 1.100000000000000006e-01 2.399999999999999911e-01 4.900000000000000000e+01
2.999999999999999889e-02 1.799999999999999933e-01 6.190000000000000391e+00 2.620000000000000107e+00 5.900999999999999801e+01 6.229999999999999716e+01 8.919999999999999929e+00 5.879999999999999893e+00 1.400000000000000029e-02 1.816300000000000137e-01 1.900000000000000022e-01 2.800000000000000266e-01 5.000000000000000000e+01
2.000000000000000042e-02 4.199999999999999845e-01 1.090000000000000080e+00 2.830000000000000071e+00 3.582999999999999829e+01 3.381000000000000227e+01 5.950000000000000178e+00 5.259999999999999787e+00 1.299999999999999940e-02 2.578500000000000236e-01 2.700000000000000178e-01 3.699999999999999956e-01 5.000000000000000000e+01
2.000000000000000042e-02 2.800000000000000266e-01 1.389999999999999902e+00 2.060000000000000053e+00 5.161999999999999744e+01 2.526000000000000156e+01 3.600000000000000089e+00 4.200000000000000178e+00 1.099999999999999936e-02 2.776000000000000134e-01 2.899999999999999800e-01 3.800000000000000044e-01 4.700000000000000000e+01
2.999999999999999889e-02 2.399999999999999911e-01 4.099999999999999756e-01 8.669999999999999929e+00 5.554999999999999716e+01 4.857999999999999829e+01 8.839999999999999858e+00 3.540000000000000036e+00 1.899999999999999953e-02 1.784000000000000169e-02 5.000000000000000278e-02 2.200000000000000011e-01 5.200000000000000000e+01
4.000000000000000083e-02 4.299999999999999933e-01 8.699999999999999289e+00 5.309999999999999609e+00 2.103999999999999915e+01 7.690999999999999659e+01 8.599999999999999645e+00 2.910000000000000142e+00 1.499999999999999944e-02 7.600000000000000418e-04 2.000000000000000042e-02 8.000000000000000167e-02 5.600000000000000000e+01
2.999999999999999889e-02 3.599999999999999867e-01 3.879999999999999893e+00 3.240000000000000213e+00 3.442000000000000171e+01 7.412999999999999545e+01 4.110000000000000320e+00 5.160000000000000142e+00 1.200000000000000025e-02 8.752000000000000057e-02 1.000000000000000056e-01 1.600000000000000033e-01 5.100000000000000000e+01
2.000000000000000042e-02 3.200000000000000067e-01 3.359999999999999876e+00 9.109999999999999432e+00 6.520999999999999375e+01 5.360999999999999943e+01 4.330000000000000071e+00 6.019999999999999574e+00 1.299999999999999940e-02 1.005400000000000044e-01 1.199999999999999956e-01 2.200000000000000011e-01 4.700000000000000000e+01
5.000000000000000278e-02 1.000000000000000021e-02 4.320000000000000284e+00 8.660000000000000142e+00 5.011999999999999744e+01 7.634000000000000341e+01 6.799999999999999822e+00 2.689999999999999947e+00 1.299999999999999940e-02 9.280000000000000054e-03 2.999999999999999889e-02 1.300000000000000044e-01 5.100000000000000000e+01
5.000000000000000278e-02 4.500000000000000111e-01 2.479999999999999982e+00 2.689999999999999947e+00 1.291000000000000014e+01 6.896999999999999886e+01 6.899999999999999467e-01 2.870000000000000107e+00 2.199999999999999872e-02 2.086500000000000021e-01 2.200000000000000011e-01 2.800000000000000266e-01 1.120000000000000000e+02
1.000000000000000021e-02 3.699999999999999956e-01 8.410000000000000142e+00 3.220000000000000195e+00 2.969000000000000128e+01 4.234000000000000341e+01 1.870000000000000107e+00 3.100000000000000089e+00 2.299999999999999961e-02 1.057700000000000029e-01 1.199999999999999956e-01 1.799999999999999933e-01 4.600000000000000000e+01
2.000000000000000042e-02 4.400000000000000022e-01 3.140000000000000124e+00 7.400000000000000355e+00 5.039999999999999858e+01 3.621999999999999886e+01 6.459999999999999964e+00 5.080000000000000071e+00 2.299999999999999961e-02 9.450000000000000067e-03 4.000000000000000083e-02 1.600000000000000033e-01 5.700000000000000000e+01
4.000000000000000083e-02 2.200000000000000011e-01 6.459999999999999964e+00 9.589999999999999858e+00 7.973999999999999488e+01 6.285000000000000142e+01 5.110000000000000320e+00 6.549999999999999822e+00 2.000000000000000042e-02 2.557800000000000074e-01 2.700000000000000178e-01 3.699999999999999956e-01 5.700000000000000000e+01
2.999999999999999889e-02 4.000000000000000222e-01 3.410000000000000142e+00 7.040000000000000036e+00 2.764999999999999858e+01 5.070000000000000284e+01 8.279999999999999361e+00 5.059999999999999609e+00 1.200000000000000025e-02 9.014999999999999403e-02 1.000000000000000056e-01 1.499999999999999944e-01 5.300000000000000000e+01
1.000000000000000021e-02 2.399999999999999911e-01 7.410000000000000142e+00 6.299999999999999822e+00 4.146999999999999886e+01 4.036999999999999744e+01 3.270000000000000018e+00 6.290000000000000036e+00 1.600000000000000033e-02 6.015000000000000208e-02 8.000000000000000167e-02 1.600000000000000033e-01 4.500000000000000000e+01
1.000000000000000021e-02 4.299999999999999933e-01 8.939999999999999503e+00 6.080000000000000071e+00 4.836999999999999744e+01 4.559000000000000341e+01 1.659999999999999920e+00 3.459999999999999964e+00 2.199999999999999872e-02 5.516999999999999682e-02 8.000000000000000167e-02 1.799999999999999933e-01 4.400000000000000000e+01
5.000000000000000278e-02 4.600000000000000200e-01 2.729999999999999982e+00 5.750000000000000000e+00 3.023999999999999844e+01 7.065000000000000568e+01 3.490000000000000213e+00 3.750000000000000000e+00 1.600000000000000033e-02 4.635000000000000231e-02 7.000000000000000666e-02 1.300000000000000044e-01 6.500000000000000000e+01
2.000000000000000042e-02 4.600000000000000200e-01 5.899999999999999689e-01 7.030000000000000249e+00 8.353000000000000114e+01 7.843000000000000682e+01 9.429999999999999716e+00 4.070000000000000284e+00 1.099999999999999936e-02 1.557199999999999973e-01 1.700000000000000122e-01 2.999999999999999889e-01 4.400000000000000000e+01
2.999999999999999889e-02 2.700000000000000178e-01 6.669999999999999929e+00 7.820000000000000284e+00 2.232999999999999829e+01 4.782999999999999829e+01 4.410000000000000142e+00 3.839999999999999858e+00 1.700000000000000122e-02 1.672700000000000020e-01 1.700000000000000122e-01 2.099999999999999922e-01 4.900000000000000000e+01
2.999999999999999889e-02 1.700000000000000122e-01 5.919999999999999929e+00 2.470000000000000195e+00 1.605000000000000071e+01 3.214999999999999858e+01 6.800000000000000488e-01 6.889999999999999680e+00 2.299999999999999961e-02 1.325300000000000089e-01 1.400000000000000133e-01 1.799999999999999933e-01 5.200000000000000000e+01
1.000000000000000021e-02 1.600000000000000033e-01 9.470000000000000639e+00 2.310000000000000053e+00 5.878999999999999915e+01 4.721000000000000085e+01 1.909999999999999920e+00 3.990000000000000213e+00 1.700000000000000122e-02 9.232999999999999541e-02 1.100000000000000006e-01 2.099999999999999922e-01 4.800000000000000000e+01
1.000000000000000021e-02 4.000000000000000083e-02 1.540000000000000036e+00 4.669999999999999929e+00 7.510999999999999943e+01 7.407999999999999829e+01 9.250000000000000000e+00 3.689999999999999947e+00 1.600000000000000033e-02 2.781500000000000083e-01 2.899999999999999800e-01 4.000000000000000222e-01 4.800000000000000000e+01
2.000000000000000042e-02 2.399999999999999911e-01 2.390000000000000124e+00 3.000000000000000000e+00 5.482000000000000028e+01 5.277000000000000313e+01 8.509999999999999787e+00 4.940000000000000391e+00 2.100000000000000130e-02 1.338399999999999868e-01 1.600000000000000033e-01 2.500000000000000000e-01 6.200000000000000000e+01
5.000000000000000278e-02 1.100000000000000006e-01 5.250000000000000000e+00 4.650000000000000355e+00 3.284000000000000341e+01 4.121000000000000085e+01 8.029999999999999361e+00 2.419999999999999929e+00 2.000000000000000042e-02 2.192300000000000082e-01 2.300000000000000100e-01 2.800000000000000266e-01 7.100000000000000000e+01
2.999999999999999889e-02 1.300000000000000044e-01 4.610000000000000320e+00 2.959999999999999964e+00 4.246999999999999886e+01 2.800000000000000000e+01 3.640000000000000124e+00 4.740000000000000213e+00 2.000000000000000042e-02 2.873499999999999943e-01 2.999999999999999889e-01 3.599999999999999867e-01 4.800000000000000000e+01
2.999999999999999889e-02 1.799999999999999933e-01 2.799999999999999822e+00 7.040000000000000036e+00 2.860999999999999943e+01 3.664999999999999858e+01 8.210000000000000853e+00 6.450000000000000178e+00 1.600000000000000033e-02 1.014199999999999963e-01 1.199999999999999956e-01 1.600000000000000033e-01 6.200000000000000000e+01
2.000000000000000042e-02 3.599999999999999867e-01 1.010000000000000009e+00 5.440000000000000391e+00 3.907000000000000028e+01 4.732999999999999829e+01 9.990000000000000213e+00 2.410000000000000142e+00 1.200000000000000025e-02 6.339999999999999802e-02 8.000000000000000167e-02 2.099999999999999922e-01 4.800000000000000000e+01
4.000000000000000083e-02 2.999999999999999889e-01 7.830000000000000071e+00 3.479999999999999982e+00 3.471999999999999886e+01 3.414000000000000057e+01 2.410000000000000142e+00 6.679999999999999716e+00 1.499999999999999944e-02 2.716999999999999971e-01 2.800000000000000266e-01 3.300000000000000155e-01 5.700000000000000000e+01
2.000000000000000042e-02 2.200000000000000011e-01 2.759999999999999787e+00 5.059999999999999609e+00 1.461999999999999922e+01 3.815999999999999659e+01 6.800000000000000488e-01 5.379999999999999893e+00 1.400000000000000029e-02 7.191000000000000170e-02 8.000000000000000167e-02 1.400000000000000133e-01 1.060000000000000000e+02
4.000000000000000083e-02 1.600000000000000033e-01 7.809999999999999609e+00 8.970000000000000639e+00 6.289999999999999858e+01 7.496999999999999886e+01 9.140000000000000568e+00 2.720000000000000195e+00 1.299999999999999940e-02 2.906000000000000250e-01 2.999999999999999889e-01 3.800000000000000044e-01 5.000000000000000000e+01
2.000000000000000042e-02 3.400000000000000244e-01 3.970000000000000195e+00 4.790000000000000036e+00 4.600000000000000000e+01 3.822999999999999687e+01 7.339999999999999858e+00 6.450000000000000178e+00 1.099999999999999936e-02 1.044999999999999957e-01 1.100000000000000006e-01 1.900000000000000022e-01 4.700000000000000000e+01
1.000000000000000021e-02 2.000000000000000111e-01 5.799999999999999822e+00 7.179999999999999716e+00 3.210999999999999943e+01 2.908999999999999986e+01 9.679999999999999716e+00 2.339999999999999858e+00 1.700000000000000122e-02 1.627000000000000113e-01 1.700000000000000122e-01 2.300000000000000100e-01 4.400000000000000000e+01
1.000000000000000021e-02 5.000000000000000000e-01 7.559999999999999609e+00 7.700000000000000178e+00 4.389000000000000057e+01 6.625000000000000000e+01 1.570000000000000062e+00 2.830000000000000071e+00 1.299999999999999940e-02 1.949999999999999997e-02 4.000000000000000083e-02 1.400000000000000133e-01 4.500000000000000000e+01
4.000000000000000083e-02 2.600000000000000089e-01 8.099999999999999645e+00 7.200000000000000178e+00 1.247000000000000064e+01 4.190999999999999659e+01 1.280000000000000027e+00 5.250000000000000000e+00 2.100000000000000130e-02 2.978100000000000191e-01 2.999999999999999889e-01 3.200000000000000067e-01 5.500000000000000000e+01
4.000000000000000083e-02 2.000000000000000111e-01 6.160000000000000142e+00 2.390000000000000124e+00 5.340999999999999659e+01 5.617000000000000171e+01 7.290000000000000036e+00 4.910000000000000142e+00 2.100000000000000130e-02 1.918199999999999905e-01 2.099999999999999922e-01 2.800000000000000266e-01 6.300000000000000000e+01
2.000000000000000042e-02 2.099999999999999922e-01 4.629999999999999893e+00 7.250000000000000000e+00 2.569000000000000128e+01 4.403999999999999915e+01 2.209999999999999964e+00 6.370000000000000107e+00 1.700000000000000122e-02 6.601999999999999535e-02 8.000000000000000167e-02 1.300000000000000044e-01 4.600000000000000000e+01
2.999999999999999889e-02 3.499999999999999778e-01 2.970000000000000195e+00 6.870000000000000107e+00 1.299000000000000021e+01 6.135000000000000142e+01 4.419999999999999929e+00 2.299999999999999822e+00 1.600000000000000033e-02 2.470600000000000018e-01 2.500000000000000000e-01 2.899999999999999800e-01 1.240000000000000000e+02
4.000000000000000083e-02 2.000000000000000111e-01 5.709999999999999964e+00 3.240000000000000213e+00 7.570999999999999375e+01 2.673999999999999844e+01 1.590000000000000080e+00 4.080000000000000071e+00 2.199999999999999872e-02 1.386499999999999955e-01 1.600000000000000033e-01 2.800000000000000266e-01 5.900000000000000000e+01
5.000000000000000278e-02 7.000000000000000666e-02 5.700000000000000178e+00 6.549999999999999822e+00 1.131000000000000050e+01 6.584999999999999432e+01 6.530000000000000249e+00 6.780000000000000249e+00 1.600000000000000033e-02 1.649899999999999978e-01 1.700000000000000122e-01 1.900000000000000022e-01 5.400000000000000000e+01
1.000000000000000021e-02 4.199999999999999845e-01 4.570000000000000284e+00 3.259999999999999787e+00 2.617999999999999972e+01 3.674000000000000199e+01 1.489999999999999991e+00 5.049999999999999822e+00 1.299999999999999940e-02 2.876400000000000068e-01 2.899999999999999800e-01 3.300000000000000155e-01 5.100000000000000000e+01
5.000000000000000278e-02 2.999999999999999889e-01 5.490000000000000213e+00 6.429999999999999716e+00 7.820999999999999375e+01 7.842000000000000171e+01 9.550000000000000711e+00 5.450000000000000178e+00 2.000000000000000042e-02 6.714000000000000523e-02 8.999999999999999667e-02 2.200000000000000011e-01 5.800000000000000000e+01
1.000000000000000021e-02 1.300000000000000044e-01 5.540000000000000036e+00 2.939999999999999947e+00 6.509999999999999432e+01 5.710000000000000142e+01 4.910000000000000142e+00 4.799999999999999822e+00 1.600000000000000033e-02 1.460599999999999954e-01 1.600000000000000033e-01 2.600000000000000089e-01 4.700000000000000000e+01
1.000000000000000021e-02 5.999999999999999778e-02 5.629999999999999893e+00 7.120000000000000107e+00 2.744000000000000128e+01 3.517999999999999972e+01 7.570000000000000284e+00 2.229999999999999982e+00 1.600000000000000033e-02 5.344000000000000139e-02 7.000000000000000666e-02 1.300000000000000044e-01 4.400000000000000000e+01
2.999999999999999889e-02 3.200000000000000067e-01 9.640000000000000568e+00 3.379999999999999893e+00 1.964999999999999858e+01 6.281000000000000227e+01 8.320000000000000284e+00 4.969999999999999751e+00 1.099999999999999936e-02 4.000000000000000083e-03 2.000000000000000042e-02 8.000000000000000167e-02 5.000000000000000000e+01
1.000000000000000021e-02 2.899999999999999800e-01 2.999999999999999889e-01 5.030000000000000249e+00 1.780000000000000071e+01 5.132999999999999829e+01 9.699999999999999289e+00 6.320000000000000284e+00 1.400000000000000029e-02 4.605999999999999678e-02 7.000000000000000666e-02 2.300000000000000100e-01 4.500000000000000000e+01
1.000000000000000021e-02 1.799999999999999933e-01 3.900000000000000133e-01 5.500000000000000000e+00 7.732999999999999829e+01 5.932999999999999829e+01 9.480000000000000426e+00 3.890000000000000124e+00 2.000000000000000042e-02 2.003399999999999903e-01 2.200000000000000011e-01 3.599999999999999867e-01 4.900000000000000000e+01
2.999999999999999889e-02 4.500000000000000111e-01 6.129999999999999893e+00 2.589999999999999858e+00 5.253000000000000114e+01 4.896000000000000085e+01 8.910000000000000142e+00 6.929999999999999716e+00 1.799999999999999864e-02 1.696400000000000130e-01 1.799999999999999933e-01 2.600000000000000089e-01 5.700000000000000000e+01
2.999999999999999889e-02 3.900000000000000133e-01 7.389999999999999680e+00 8.839999999999999858e+00 7.912000000000000455e+01 3.535999999999999943e+01 2.020000000000000018e+00 3.270000000000000018e+00 1.200000000000000025e-02 5.863999999999999768e-02 8.000000000000000167e-02 2.000000000000000111e-01 4.600000000000000000e+01
4.000000000000000083e-02 1.300000000000000044e-01 4.849999999999999645e+00 3.729999999999999982e+00 7.193999999999999773e+01 2.514000000000000057e+01 3.339999999999999858e+00 3.399999999999999911e+00 1.899999999999999953e-02 6.282000000000000084e-02 8.999999999999999667e-02 2.099999999999999922e-01 5.600000000000000000e+01
4.000000000000000083e-02 5.000000000000000278e-02 6.639999999999999680e+00 7.280000000000000249e+00 5.260000000000000142e+01 2.687000000000000099e+01 1.530000000000000027e+00 6.860000000000000320e+00 2.100000000000000130e-02 3.650000000000000033e-03 2.999999999999999889e-02 1.499999999999999944e-01 5.800000000000000000e+01
1.000000000000000021e-02 3.300000000000000155e-01 7.559999999999999609e+00 6.669999999999999929e+00 1.225000000000000000e+01 2.662000000000000099e+01 7.589999999999999858e+00 6.450000000000000178e+00 1.899999999999999953e-02 1.243699999999999944e-01 1.300000000000000044e-01 1.600000000000000033e-01 4.800000000000000000e+01
4.000000000000000083e-02 1.400000000000000133e-01 4.740000000000000213e+00 5.009999999999999787e+00 5.679999999999999716e+00 2.803999999999999915e+01 5.389999999999999680e+00 2.890000000000000124e+00 2.199999999999999872e-02 4.882999999999999841e-02 5.999999999999999778e-02 8.000000000000000167e-02 6.200000000000000000e+01
2.999999999999999889e-02 1.000000000000000021e-02 4.250000000000000000e+00 4.089999999999999858e+00 4.152000000000000313e+01 7.743999999999999773e+01 8.000000000000000000e+00 2.129999999999999893e+00 2.199999999999999872e-02 4.327000000000000290e-02 7.000000000000000666e-02 1.499999999999999944e-01 6.300000000000000000e+01
2.000000000000000042e-02 4.400000000000000022e-01 8.089999999999999858e+00 8.140000000000000568e+00 3.850999999999999801e+01 6.232000000000000028e+01 8.369999999999999218e+00 4.799999999999999822e+00 2.400000000000000050e-02 1.013899999999999940e-01 1.199999999999999956e-01 2.000000000000000111e-01 4.700000000000000000e+01
2.000000000000000042e-02 8.000000000000000167e-02 7.389999999999999680e+00 8.730000000000000426e+00 6.010000000000000142e+01 3.057000000000000028e+01 6.519999999999999574e+00 3.100000000000000089e+00 1.200000000000000025e-02 9.421999999999999820e-02 1.100000000000000006e-01 2.099999999999999922e-01 4.600000000000000000e+01
4.000000000000000083e-02 3.200000000000000067e-01 2.930000000000000160e+00 9.099999999999999645e+00 8.018000000000000682e+01 4.978999999999999915e+01 2.640000000000000124e+00 3.649999999999999911e+00 2.400000000000000050e-02 1.455599999999999949e-01 1.700000000000000122e-01 2.899999999999999800e-01 6.000000000000000000e+01
4.000000000000000083e-02 4.099999999999999756e-01 8.570000000000000284e+00 6.450000000000000178e+00 5.792999999999999972e+01 5.400000000000000000e+01 5.129999999999999893e+00 3.310000000000000053e+00 2.400000000000000050e-02 1.891599999999999948e-01 2.099999999999999922e-01 2.899999999999999800e-01 6.500000000000000000e+01
4.000000000000000083e-02 2.200000000000000011e-01 4.199999999999999845e-01 3.560000000000000053e+00 2.475000000000000000e+01 3.917999999999999972e+01 3.009999999999999787e+00 4.290000000000000036e+00 1.499999999999999944e-02 1.765899999999999970e-01 1.900000000000000022e-01 3.099999999999999978e-01 5.200000000000000000e+01
1.000000000000000021e-02 1.600000000000000033e-01 5.500000000000000444e-01 3.140000000000000124e+00 2.192000000000000171e+01 7.220000000000000284e+01 4.240000000000000213e+00 3.140000000000000124e+00 1.400000000000000029e-02 2.486200000000000077e-01 2.600000000000000089e-01 3.800000000000000044e-01 4.600000000000000000e+01
1.000000000000000021e-02 7.000000000000000666e-02 2.339999999999999858e+00 9.710000000000000853e+00 5.572999999999999687e+01 6.093999999999999773e+01 4.719999999999999751e+00 2.859999999999999876e+00 1.600000000000000033e-02 1.885999999999999899e-01 2.000000000000000111e-01 2.899999999999999800e-01 5.200000000000000000e+01
1.000000000000000021e-02 4.400000000000000022e-01 6.089999999999999858e+00 2.549999999999999822e+00 7.293999999999999773e+01 2.973000000000000043e+01 1.790000000000000036e+00 5.820000000000000284e+00 1.299999999999999940e-02 2.860000000000000042e-02 5.000000000000000278e-02 1.900000000000000022e-01 4.300000000000000000e+01
1.000000000000000021e-02 2.899999999999999800e-01 8.320000000000000284e+00 8.630000000000000782e+00 3.286999999999999744e+01 6.976999999999999602e+01 9.080000000000000071e+00 5.450000000000000178e+00 1.299999999999999940e-02 2.409199999999999953e-01 2.500000000000000000e-01 2.999999999999999889e-01 4.900000000000000000e+01
5.000000000000000278e-02 3.499999999999999778e-01 5.299999999999999822e+00 7.250000000000000000e+00 6.042999999999999972e+01 4.542000000000000171e+01 4.679999999999999716e+00 4.330000000000000071e+00 2.100000000000000130e-02 1.972700000000000009e-01 2.099999999999999922e-01 2.999999999999999889e-01 6.300000000000000000e+01
5.000000000000000278e-02 2.899999999999999800e-01 2.580000000000000071e+00 3.459999999999999964e+00 7.029999999999999716e+01 4.871000000000000085e+01 9.109999999999999432e+00 3.279999999999999805e+00 1.700000000000000122e-02 1.095600000000000046e-01 1.300000000000000044e-01 2.300000000000000100e-01 5.600000000000000000e+01
4.000000000000000083e-02 5.000000000000000278e-02 1.679999999999999938e+00 8.179999999999999716e+00 4.382999999999999829e+01 2.553000000000000114e+01 7.450000000000000178e+00 5.400000000000000355e+00 2.000000000000000042e-02 1.985699999999999965e-01 2.200000000000000011e-01 3.099999999999999978e-01 6.500000000000000000e+01
2.000000000000000042e-02 1.700000000000000122e-01 5.500000000000000444e-01 3.560000000000000053e+00 6.096999999999999886e+01 4.997999999999999687e+01 6.919999999999999929e+00 5.889999999999999680e+00 1.200000000000000025e-02 1.198700000000000043e-01 1.400000000000000133e-01 2.700000000000000178e-01 4.500000000000000000e+01
5.000000000000000278e-02 3.099999999999999978e-01 3.759999999999999787e+00 8.580000000000000071e+00 3.509000000000000341e+01 2.941000000000000014e+01 2.310000000000000053e+00 4.410000000000000142e+00 1.700000000000000122e-02 2.717300000000000271e-01 2.800000000000000266e-01 3.300000000000000155e-01 6.400000000000000000e+01
2.000000000000000042e-02 3.499999999999999778e-01 2.899999999999999911e+00 7.269999999999999574e+00 2.937999999999999901e+01 3.685000000000000142e+01 7.860000000000000320e+00 5.750000000000000000e+00 2.199999999999999872e-02 2.375500000000000111e-01 2.500000000000000000e-01 2.999999999999999889e-01 1.120000000000000000e+02
2.000000000000000042e-02 4.400000000000000022e-01 5.990000000000000213e+00 8.359999999999999432e+00 7.001999999999999602e+01 5.347999999999999687e+01 3.930000000000000160e+00 6.219999999999999751e+00 1.200000000000000025e-02 9.277000000000000524e-02 1.100000000000000006e-01 2.200000000000000011e-01 4.600000000000000000e+01
1.000000000000000021e-02 1.199999999999999956e-01 6.480000000000000426e+00 3.850000000000000089e+00 3.968999999999999773e+01 7.092000000000000171e+01 3.120000000000000107e+00 2.649999999999999911e+00 1.099999999999999936e-02 2.255300000000000082e-01 2.300000000000000100e-01 2.899999999999999800e-01 4.600000000000000000e+01
4.000000000000000083e-02 2.999999999999999889e-02 9.410000000000000142e+00 5.219999999999999751e+00 1.960999999999999943e+01 5.525999999999999801e+01 1.439999999999999947e+00 3.229999999999999982e+00 1.600000000000000033e-02 1.625000000000000056e-01 1.700000000000000122e-01 2.000000000000000111e-01 7.000000000000000000e+01
1.000000000000000021e-02 2.999999999999999889e-01 9.820000000000000284e+00 9.679999999999999716e+00 3.349000000000000199e+01 6.743999999999999773e+01 4.139999999999999680e+00 3.250000000000000000e+00 1.700000000000000122e-02 2.076000000000000068e-01 2.200000000000000011e-01 2.700000000000000178e-01 4.400000000000000000e+01
1.000000000000000021e-02 3.400000000000000244e-01 9.679999999999999716e+00 2.850000000000000089e+00 8.381000000000000227e+01 7.959999999999999432e+01 9.740000000000000213e+00 4.309999999999999609e+00 2.000000000000000042e-02 2.393099999999999949e-01 2.600000000000000089e-01 3.699999999999999956e-01 4.900000000000000000e+01
1.000000000000000021e-02 4.799999999999999822e-01 9.660000000000000142e+00 6.889999999999999680e+00 3.977000000000000313e+01 6.762000000000000455e+01 2.310000000000000053e+00 6.990000000000000213e+00 1.299999999999999940e-02 2.907899999999999929e-01 2.999999999999999889e-01 3.599999999999999867e-01 4.600000000000000000e+01
4.000000000000000083e-02 2.099999999999999922e-01 1.429999999999999938e+00 5.709999999999999964e+00 5.107999999999999829e+01 3.153000000000000114e+01 1.550000000000000044e+00 4.660000000000000142e+00 1.899999999999999953e-02 4.599999999999999922e-02 7.000000000000000666e-02 2.000000000000000111e-01 5.900000000000000000e+01
2.000000000000000042e-02 2.999999999999999889e-02 5.179999999999999716e+00 2.220000000000000195e+00 3.303000000000000114e+01 3.493999999999999773e+01 9.349999999999999645e+00 2.790000000000000036e+00 1.600000000000000033e-02 1.696300000000000030e-01 1.799999999999999933e-01 2.300000000000000100e-01 5.700000000000000000e+01
1.000000000000000021e-02 2.000000000000000042e-02 3.779999999999999805e+00 9.250000000000000000e+00 6.282000000000000028e+01 3.881000000000000227e+01 3.470000000000000195e+00 6.750000000000000000e+00 1.899999999999999953e-02 2.929200000000000137e-01 3.099999999999999978e-01 3.900000000000000133e-01 4.300000000000000000e+01
5.000000000000000278e-02 7.000000000000000666e-02 6.690000000000000391e+00 3.370000000000000107e+00 2.400000000000000000e+01 2.919999999999999929e+01 3.229999999999999982e+00 6.120000000000000107e+00 2.299999999999999961e-02 2.109000000000000111e-02 4.000000000000000083e-02 1.000000000000000056e-01 7.500000000000000000e+01
2.999999999999999889e-02 4.099999999999999756e-01 4.610000000000000320e+00 9.240000000000000213e+00 3.929999999999999716e+01 3.579999999999999716e+01 8.169999999999999929e+00 4.799999999999999822e+00 2.000000000000000042e-02 5.347999999999999976e-02 7.000000000000000666e-02 1.499999999999999944e-01 6.200000000000000000e+01
1.000000000000000021e-02 2.399999999999999911e-01 2.089999999999999858e+00 5.500000000000000000e+00 6.976999999999999602e+01 4.071999999999999886e+01 6.549999999999999822e+00 4.530000000000000249e+00 1.400000000000000029e-02 9.371000000000000163e-02 1.100000000000000006e-01 2.300000000000000100e-01 4.700000000000000000e+01
2.000000000000000042e-02 4.400000000000000022e-01 8.439999999999999503e+00 5.120000000000000107e+00 1.966000000000000014e+01 4.853999999999999915e+01 2.100000000000000089e+00 2.700000000000000178e+00 1.200000000000000025e-02 5.389000000000000040e-02 5.999999999999999778e-02 1.100000000000000006e-01 5.300000000000000000e+01
1.000000000000000021e-02 5.000000000000000278e-02 1.969999999999999973e+00 7.700000000000000178e+00 5.838000000000000256e+01 5.877000000000000313e+01 5.240000000000000213e+00 4.040000000000000036e+00 2.100000000000000130e-02 2.447999999999999898e-01 2.600000000000000089e-01 3.599999999999999867e-01 5.700000000000000000e+01
4.000000000000000083e-02 3.300000000000000155e-01 5.599999999999999645e+00 3.439999999999999947e+00 6.656999999999999318e+01 4.364000000000000057e+01 1.110000000000000098e+00 2.779999999999999805e+00 1.299999999999999940e-02 1.452499999999999902e-01 1.600000000000000033e-01 2.500000000000000000e-01 5.000000000000000000e+01
2.000000000000000042e-02 1.900000000000000022e-01 6.870000000000000107e+00 9.740000000000000213e+00 4.907000000000000028e+01 5.561999999999999744e+01 7.429999999999999716e+00 6.519999999999999574e+00 1.799999999999999864e-02 6.880999999999999617e-02 8.999999999999999667e-02 1.799999999999999933e-01 5.500000000000000000e+01
2.999999999999999889e-02 2.500000000000000000e-01 1.909999999999999920e+00 7.860000000000000320e+00 3.550000000000000000e+01 4.582000000000000028e+01 2.029999999999999805e+00 3.270000000000000018e+00 1.600000000000000033e-02 3.481000000000000066e-02 5.999999999999999778e-02 1.600000000000000033e-01 6.000000000000000000e+01
1.000000000000000021e-02 2.099999999999999922e-01 3.930000000000000160e+00 9.529999999999999361e+00 1.152999999999999936e+01 7.262000000000000455e+01 3.099999999999999978e-01 2.330000000000000071e+00 2.000000000000000042e-02 5.210999999999999660e-02 5.999999999999999778e-02 1.000000000000000056e-01 4.700000000000000000e+01
2.999999999999999889e-02 2.600000000000000089e-01 9.070000000000000284e+00 9.490000000000000213e+00 5.421000000000000085e+01 7.134999999999999432e+01 2.930000000000000160e+00 3.810000000000000053e+00 1.700000000000000122e-02 7.335999999999999466e-02 8.999999999999999667e-02 1.900000000000000022e-01 5.500000000000000000e+01
1.000000000000000021e-02 1.199999999999999956e-01 4.719999999999999751e+00 2.750000000000000000e+00 5.454999999999999716e+01 7.873000000000000398e+01 8.289999999999999147e+00 2.870000000000000107e+00 1.600000000000000033e-02 9.073000000000000509e-02 1.100000000000000006e-01 2.000000000000000111e-01 4.700000000000000000e+01
4.000000000000000083e-02 5.000000000000000278e-02 4.950000000000000178e+00 4.269999999999999574e+00 4.492999999999999972e+01 3.460999999999999943e+01 1.600000000000000089e+00 5.190000000000000391e+00 1.400000000000000029e-02 1.749199999999999922e-01 1.799999999999999933e-01 2.500000000000000000e-01 5.400000000000000000e+01
4.000000000000000083e-02 4.799999999999999822e-01 1.850000000000000089e+00 9.210000000000000853e+00 1.987999999999999901e+01 5.954999999999999716e+01 2.200000000000000178e+00 5.700000000000000178e+00 2.299999999999999961e-02 2.346499999999999975e-01 2.500000000000000000e-01 3.200000000000000067e-01 8.300000000000000000e+01
2.999999999999999889e-02 5.999999999999999778e-02 8.199999999999999289e+00 5.570000000000000284e+00 3.874000000000000199e+01 2.671000000000000085e+01 4.740000000000000213e+00 5.120000000000000107e+00 2.299999999999999961e-02 3.021000000000000074e-02 5.999999999999999778e-02 1.400000000000000133e-01 6.500000000000000000e+01
5.000000000000000278e-02 4.899999999999999911e-01 8.380000000000000782e+00 3.049999999999999822e+00 2.887999999999999901e+01 3.592000000000000171e+01 7.049999999999999822e+00 3.330000000000000071e+00 1.200000000000000025e-02 2.246599999999999986e-01 2.300000000000000100e-01 2.700000000000000178e-01 5.800000000000000000e+01
5.000000000000000278e-02 1.199999999999999956e-01 4.019999999999999574e+00 8.919999999999999929e+00 7.410999999999999943e+01 2.551999999999999957e+01 7.589999999999999858e+00 2.319999999999999840e+00 1.400000000000000029e-02 8.934999999999999887e-02 1.100000000000000006e-01 2.200000000000000011e-01 5.100000000000000000e+01
1.000000000000000021e-02 1.000000000000000021e-02 4.690000000000000391e+00 8.300000000000000711e+00 2.657999999999999829e+01 7.295999999999999375e+01 1.199999999999999956e-01 5.910000000000000142e+00 2.199999999999999872e-02 1.610300000000000065e-01 1.700000000000000122e-01 2.200000000000000011e-01 4.600000000000000000e+01
5.000000000000000278e-02 8.999999999999999667e-02 2.999999999999999889e-01 9.050000000000000711e+00 2.671999999999999886e+01 4.492999999999999972e+01 1.590000000000000080e+00 3.399999999999999911e+00 2.299999999999999961e-02 4.136000000000000093e-02 8.000000000000000167e-02 2.300000000000000100e-01 6.000000000000000000e+01
1.000000000000000021e-02 4.600000000000000200e-01 8.410000000000000142e+00 7.830000000000000071e+00 5.414000000000000057e+01 5.032000000000000028e+01 7.910000000000000142e+00 5.459999999999999964e+00 1.200000000000000025e-02 1.645500000000000018e-01 1.700000000000000122e-01 2.600000000000000089e-01 4.500000000000000000e+01
2.000000000000000042e-02 4.299999999999999933e-01 7.190000000000000391e+00 2.799999999999999822e+00 6.131000000000000227e+01 2.605999999999999872e+01 4.690000000000000391e+00 5.540000000000000036e+00 1.200000000000000025e-02 2.655000000000000068e-02 4.000000000000000083e-02 1.600000000000000033e-01 4.600000000000000000e+01
2.000000000000000042e-02 4.299999999999999933e-01 7.099999999999999645e-01 3.779999999999999805e+00 6.389000000000000057e+01 4.938000000000000256e+01 6.450000000000000178e+00 5.610000000000000320e+00 1.299999999999999940e-02 1.343699999999999894e-01 1.499999999999999944e-01 2.800000000000000266e-01 4.600000000000000000e+01
4.000000000000000083e-02 1.600000000000000033e-01 1.260000000000000009e+00 5.459999999999999964e+00 5.182999999999999829e+01 5.453999999999999915e+01 8.730000000000000426e+00 4.429999999999999716e+00 2.199999999999999872e-02 2.876199999999999868e-01 2.999999999999999889e-01 4.099999999999999756e-01 6.200000000000000000e+01
2.999999999999999889e-02 2.099999999999999922e-01 4.199999999999999845e-01 6.360000000000000320e+00 5.310000000000000142e+01 6.943999999999999773e+01 6.030000000000000249e+00 3.569999999999999840e+00 1.700000000000000122e-02 2.328399999999999914e-01 2.500000000000000000e-01 3.699999999999999956e-01 5.100000000000000000e+01
5.000000000000000278e-02 2.000000000000000042e-02 7.589999999999999858e+00 6.469999999999999751e+00 1.517999999999999972e+01 5.753000000000000114e+01 8.160000000000000142e+00 3.229999999999999982e+00 2.199999999999999872e-02 2.533799999999999941e-01 2.600000000000000089e-01 2.899999999999999800e-01 5.700000000000000000e+01
2.000000000000000042e-02 3.800000000000000044e-01 1.540000000000000036e+00 4.940000000000000391e+00 6.200000000000000178e+00 4.804999999999999716e+01 4.799999999999999822e-01 2.390000000000000124e+00 2.199999999999999872e-02 1.285000000000000031e-01 1.499999999999999944e-01 2.099999999999999922e-01 1.130000000000000000e+02
1.000000000000000021e-02 2.399999999999999911e-01 3.629999999999999893e+00 3.990000000000000213e+00 3.210000000000000142e+01 6.171000000000000085e+01 6.330000000000000071e+00 3.660000000000000142e+00 1.700000000000000122e-02 2.934499999999999886e-01 2.999999999999999889e-01 3.499999999999999778e-01 4.400000000000000000e+01
5.000000000000000278e-02 4.000000000000000083e-02 8.929999999999999716e+00 2.509999999999999787e+00 4.065999999999999659e+01 2.757999999999999829e+01 3.120000000000000107e+00 6.839999999999999858e+00 1.400000000000000029e-02 1.281400000000000039e-01 1.400000000000000133e-01 2.000000000000000111e-01 5.700000000000000000e+01
4.000000000000000083e-02 2.999999999999999889e-02 1.239999999999999991e+00 5.790000000000000036e+00 1.860999999999999943e+01 6.606999999999999318e+01 1.419999999999999929e+00 6.790000000000000036e+00 1.600000000000000033e-02 3.849000000000000338e-02 5.999999999999999778e-02 1.799999999999999933e-01 5.700000000000000000e+01
5.000000000000000278e-02 4.099999999999999756e-01 1.060000000000000053e+00 4.280000000000000249e+00 3.253000000000000114e+01 4.367999999999999972e+01 6.339999999999999858e+00 2.430000000000000160e+00 2.299999999999999961e-02 2.240900000000000114e-01 2.399999999999999911e-01 3.400000000000000244e-01 6.800000000000000000e+01
4.000000000000000083e-02 2.999999999999999889e-02 5.660000000000000142e+00 6.219999999999999751e+00 8.012999999999999545e+01 7.153000000000000114e+01 4.299999999999999933e-01 5.919999999999999929e+00 2.100000000000000130e-02 2.931599999999999762e-01 3.099999999999999978e-01 4.099999999999999756e-01 5.800000000000000000e+01
5.000000000000000278e-02 3.400000000000000244e-01 1.340000000000000080e+00 9.990000000000000213e+00 5.872999999999999687e+01 7.154000000000000625e+01 9.480000000000000426e+00 2.939999999999999947e+00 1.700000000000000122e-02 6.380000000000000254e-03 4.000000000000000083e-02 1.799999999999999933e-01 5.500000000000000000e+01
4.000000000000000083e-02 1.900000000000000022e-01 3.740000000000000213e+00 9.199999999999999289e+00 1.441999999999999993e+01 7.968000000000000682e+01 8.929999999999999716e+00 6.780000000000000249e+00 2.100000000000000130e-02 2.783200000000000118e-01 2.800000000000000266e-01 3.099999999999999978e-01 5.400000000000000000e+01
1.000000000000000021e-02 2.000000000000000042e-02 3.729999999999999982e+00 8.910000000000000142e+00 7.410000000000000142e+00 5.227000000000000313e+01 7.959999999999999964e+00 4.469999999999999751e+00 1.299999999999999940e-02 1.321199999999999875e-01 1.400000000000000133e-01 1.499999999999999944e-01 4.600000000000000000e+01
2.999999999999999889e-02 2.000000000000000111e-01 8.259999999999999787e+00 5.459999999999999964e+00 1.335999999999999943e+01 7.970000000000000284e+01 5.730000000000000426e+00 5.049999999999999822e+00 2.199999999999999872e-02 1.819000000000000061e-01 1.900000000000000022e-01 2.200000000000000011e-01 5.400000000000000000e+01
4.000000000000000083e-02 2.099999999999999922e-01 5.480000000000000426e+00 5.419999999999999929e+00 4.382000000000000028e+01 3.686999999999999744e+01 9.580000000000000071e+00 6.070000000000000284e+00 2.199999999999999872e-02 2.078899999999999915e-01 2.200000000000000011e-01 2.899999999999999800e-01 6.600000000000000000e+01
2.999999999999999889e-02 4.099999999999999756e-01 5.030000000000000249e+00 4.019999999999999574e+00 2.771000000000000085e+01 4.034000000000000341e+01 8.599999999999999867e-01 6.320000000000000284e+00 1.200000000000000025e-02 1.305600000000000094e-01 1.400000000000000133e-01 1.900000000000000022e-01 5.300000000000000000e+01
2.999999999999999889e-02 5.000000000000000278e-02 4.660000000000000142e+00 5.799999999999999822e+00 4.560999999999999943e+01 7.676999999999999602e+01 5.759999999999999787e+00 3.370000000000000107e+00 1.600000000000000033e-02 9.740000000000000394e-03 2.999999999999999889e-02 1.400000000000000133e-01 5.300000000000000000e+01
2.000000000000000042e-02 4.299999999999999933e-01 7.370000000000000107e+00 9.070000000000000284e+00 9.619999999999999218e+00 6.650000000000000000e+01 9.660000000000000142e+00 4.339999999999999858e+00 2.199999999999999872e-02 2.114300000000000068e-01 2.200000000000000011e-01 2.399999999999999911e-01 5.500000000000000000e+01
2.000000000000000042e-02 8.000000000000000167e-02 7.990000000000000213e+00 2.470000000000000195e+00 2.442000000000000171e+01 3.807999999999999829e+01 6.899999999999999467e-01 6.769999999999999574e+00 2.199999999999999872e-02 4.252000000000000224e-02 5.999999999999999778e-02 1.199999999999999956e-01 4.700000000000000000e+01
2.000000000000000042e-02 3.499999999999999778e-01 3.020000000000000018e+00 4.299999999999999822e+00 2.764000000000000057e+01 7.357999999999999829e+01 1.629999999999999893e+00 4.059999999999999609e+00 1.899999999999999953e-02 1.168799999999999978e-01 1.300000000000000044e-01 1.799999999999999933e-01 4.700000000000000000e+01
2.000000000000000042e-02 1.100000000000000006e-01 6.650000000000000355e+00 4.200000000000000178e+00 4.092000000000000171e+01 7.104000000000000625e+01 1.489999999999999991e+00 2.290000000000000036e+00 2.199999999999999872e-02 2.424300000000000066e-01 2.500000000000000000e-01 3.200000000000000067e-01 4.600000000000000000e+01
4.000000000000000083e-02 2.099999999999999922e-01 7.299999999999999822e+00 2.399999999999999911e+00 7.120000000000000284e+01 5.360999999999999943e+01 7.650000000000000355e+00 4.709999999999999964e+00 1.700000000000000122e-02 2.955099999999999949e-01 3.099999999999999978e-01 4.000000000000000222e-01 5.400000000000000000e+01
4.000000000000000083e-02 4.500000000000000111e-01 3.669999999999999929e+00 7.509999999999999787e+00 2.350000000000000000e+01 6.543000000000000682e+01 1.510000000000000009e+00 4.179999999999999716e+00 1.400000000000000029e-02 5.000000000000000104e-04 2.000000000000000042e-02 8.999999999999999667e-02 5.400000000000000000e+01
2.999999999999999889e-02 4.099999999999999756e-01 7.700000000000000178e+00 3.140000000000000124e+00 5.870000000000000107e+00 3.685000000000000142e+01 8.630000000000000782e+00 4.889999999999999680e+00 2.100000000000000130e-02 1.828400000000000025e-01 1.799999999999999933e-01 2.000000000000000111e-01 6.300000000000000000e+01
1.000000000000000021e-02 4.000000000000000083e-02 8.919999999999999929e+00 4.690000000000000391e+00 1.710000000000000142e+01 4.865999999999999659e+01 2.990000000000000213e+00 3.620000000000000107e+00 2.000000000000000042e-02 2.081199999999999994e-01 2.099999999999999922e-01 2.500000000000000000e-01 4.700000000000000000e+01
2.999999999999999889e-02 2.099999999999999922e-01 1.110000000000000098e+00 3.589999999999999858e+00 2.983999999999999986e+01 5.015999999999999659e+01 1.360000000000000098e+00 4.950000000000000178e+00 1.200000000000000025e-02 1.515000000000000027e-02 4.000000000000000083e-02 1.700000000000000122e-01 5.000000000000000000e+01
2.000000000000000042e-02 3.099999999999999978e-01 4.799999999999999822e-01 3.870000000000000107e+00 6.806999999999999318e+01 4.803000000000000114e+01 9.630000000000000782e+00 4.929999999999999716e+00 1.400000000000000029e-02 1.955600000000000116e-01 2.099999999999999922e-01 3.400000000000000244e-01 4.600000000000000000e+01
2.999999999999999889e-02 3.099999999999999978e-01 5.320000000000000284e+00 2.580000000000000071e+00 3.224000000000000199e+01 7.531000000000000227e+01 2.379999999999999893e+00 3.779999999999999805e+00 2.299999999999999961e-02 2.149800000000000044e-01 2.300000000000000100e-01 2.800000000000000266e-01 4.900000000000000000e+01
2.999999999999999889e-02 4.500000000000000111e-01 2.950000000000000178e+00 6.549999999999999822e+00 6.135999999999999943e+01 4.135000000000000142e+01 5.860000000000000320e+00 6.719999999999999751e+00 2.100000000000000130e-02 2.807899999999999840e-01 2.999999999999999889e-01 3.800000000000000044e-01 5.800000000000000000e+01
1.000000000000000021e-02 1.100000000000000006e-01 9.939999999999999503e+00 9.029999999999999361e+00 6.884000000000000341e+01 5.542000000000000171e+01 2.470000000000000195e+00 2.379999999999999893e+00 1.200000000000000025e-02 9.482000000000000151e-02 1.100000000000000006e-01 2.200000000000000011e-01 4.300000000000000000e+01
2.000000000000000042e-02 4.699999999999999734e-01 6.780000000000000249e+00 4.730000000000000426e+00 3.561999999999999744e+01 7.714000000000000057e+01 2.899999999999999911e+00 5.769999999999999574e+00 1.799999999999999864e-02 5.750000000000000250e-02 7.000000000000000666e-02 1.499999999999999944e-01 4.600000000000000000e+01
4.000000000000000083e-02 4.099999999999999756e-01 1.320000000000000062e+00 9.279999999999999361e+00 3.747999999999999687e+01 4.445000000000000284e+01 6.929999999999999716e+00 5.799999999999999822e+00 1.400000000000000029e-02 1.042600000000000054e-01 1.199999999999999956e-01 2.300000000000000100e-01 5.500000000000000000e+01
4.000000000000000083e-02 2.300000000000000100e-01 6.580000000000000071e+00 9.880000000000000782e+00 3.203000000000000114e+01 3.098999999999999844e+01 9.179999999999999716e+00 6.910000000000000142e+00 2.299999999999999961e-02 2.630000000000000046e-02 5.000000000000000278e-02 1.300000000000000044e-01 6.900000000000000000e+01
2.999999999999999889e-02 5.999999999999999778e-02 7.809999999999999609e+00 2.740000000000000213e+00 8.820000000000000284e+00 6.221999999999999886e+01 5.440000000000000391e+00 5.250000000000000000e+00 1.600000000000000033e-02 1.856099999999999972e-01 1.900000000000000022e-01 2.099999999999999922e-01 5.100000000000000000e+01
1.000000000000000021e-02 4.699999999999999734e-01 7.879999999999999893e+00 6.799999999999999822e+00 7.507999999999999829e+01 3.335999999999999943e+01 5.219999999999999751e+00 3.419999999999999929e+00 2.000000000000000042e-02 2.195000000000000007e-01 2.399999999999999911e-01 3.400000000000000244e-01 4.300000000000000000e+01
4.000000000000000083e-02 7.000000000000000666e-02 5.209999999999999964e+00 3.759999999999999787e+00 4.010999999999999943e+01 7.093000000000000682e+01 5.879999999999999893e+00 6.330000000000000071e+00 1.799999999999999864e-02 6.417000000000000481e-02 8.000000000000000167e-02 1.600000000000000033e-01 6.100000000000000000e+01
2.999999999999999889e-02 1.700000000000000122e-01 2.669999999999999929e+00 7.250000000000000000e+00 7.739000000000000057e+01 2.512999999999999901e+01 1.499999999999999944e-01 6.809999999999999609e+00 1.400000000000000029e-02 2.812000000000000055e-01 2.899999999999999800e-01 3.900000000000000133e-01 4.800000000000000000e+01
2.999999999999999889e-02 2.500000000000000000e-01 7.120000000000000107e+00 4.799999999999999822e+00 5.660000000000000142e+00 3.807999999999999829e+01 3.740000000000000213e+00 5.280000000000000249e+00 1.200000000000000025e-02 1.945600000000000107e-01 1.900000000000000022e-01 2.099999999999999922e-01 5.200000000000000000e+01
2.999999999999999889e-02 4.699999999999999734e-01 8.320000000000000284e+00 9.310000000000000497e+00 1.905000000000000071e+01 7.370000000000000284e+01 8.990000000000000213e+00 2.009999999999999787e+00 1.899999999999999953e-02 1.398199999999999998e-01 1.499999999999999944e-01 1.799999999999999933e-01 5.000000000000000000e+01
4.000000000000000083e-02 1.900000000000000022e-01 6.419999999999999929e+00 2.629999999999999893e+00 7.712999999999999545e+01 2.685999999999999943e+01 3.660000000000000142e+00 6.599999999999999645e+00 2.000000000000000042e-02 9.289999999999999647e-03 4.000000000000000083e-02 1.900000000000000022e-01 5.500000000000000000e+01
