2.999999999999999889e-02 4.400000000000000022e-01 1.520000000000000018e+00 6.940000000000000391e+00 3.296999999999999886e+01 5.675999999999999801e+01 9.970000000000000639e+00 4.219999999999999751e+00 2.299999999999999961e-02 6.349999999999999742e-03 4.000000000000000083e-02 1.799999999999999933e-01 6.400000000000000000e+01
2.000000000000000042e-02 3.099999999999999978e-01 8.500000000000000000e+00 8.390000000000000568e+00 6.729000000000000625e+01 2.896000000000000085e+01 3.200000000000000067e-01 4.419999999999999929e+00 2.199999999999999872e-02 4.069999999999999833e-03 4.000000000000000083e-02 1.799999999999999933e-01 5.300000000000000000e+01
2.000000000000000042e-02 5.999999999999999778e-02 3.569999999999999840e+00 6.000000000000000000e+00 8.392000000000000171e+01 3.793999999999999773e+01 2.200000000000000178e+00 5.700000000000000178e+00 1.899999999999999953e-02 1.760000000000000063e-03 2.999999999999999889e-02 2.000000000000000111e-01 4.900000000000000000e+01
2.999999999999999889e-02 1.900000000000000022e-01 7.700000000000000178e-01 4.599999999999999645e+00 6.064000000000000057e+01 4.052000000000000313e+01 7.490000000000000213e+00 3.479999999999999982e+00 2.299999999999999961e-02 9.369999999999999857e-03 5.000000000000000278e-02 2.200000000000000011e-01 5.700000000000000000e+01
1.000000000000000021e-02 4.500000000000000111e-01 5.150000000000000355e+00 4.150000000000000355e+00 1.500999999999999979e+01 6.993999999999999773e+01 5.349999999999999645e+00 6.169999999999999929e+00 2.199999999999999872e-02 6.199999999999999999e-04 2.000000000000000042e-02 8.000000000000000167e-02 4.700000000000000000e+01
1.000000000000000021e-02 3.200000000000000067e-01 9.400000000000000355e+00 9.939999999999999503e+00 1.835999999999999943e+01 5.778000000000000114e+01 6.230000000000000426e+00 6.299999999999999822e+00 1.200000000000000025e-02 6.420000000000000359e-03 2.000000000000000042e-02 8.000000000000000167e-02 4.800000000000000000e+01
4.000000000000000083e-02 1.000000000000000021e-02 2.450000000000000178e+00 3.939999999999999947e+00 5.364999999999999858e+01 5.220000000000000284e+01 1.870000000000000107e+00 5.620000000000000107e+00 1.400000000000000029e-02 4.299999999999999894e-04 2.999999999999999889e-02 1.400000000000000133e-01 5.000000000000000000e+01
2.999999999999999889e-02 8.999999999999999667e-02 6.559999999999999609e+00 4.549999999999999822e+00 4.322999999999999687e+01 6.723000000000000398e+01 9.490000000000000213e+00 5.269999999999999574e+00 2.299999999999999961e-02 8.240000000000000796e-03 4.000000000000000083e-02 1.400000000000000133e-01 6.200000000000000000e+01
1.000000000000000021e-02 3.099999999999999978e-01 1.800000000000000044e+00 3.979999999999999982e+00 4.178999999999999915e+01 7.821999999999999886e+01 4.280000000000000249e+00 4.440000000000000391e+00 1.499999999999999944e-02 1.670000000000000043e-03 2.999999999999999889e-02 1.600000000000000033e-01 5.000000000000000000e+01
2.999999999999999889e-02 4.699999999999999734e-01 6.700000000000000400e-01 9.830000000000000071e+00 6.912999999999999545e+01 7.245999999999999375e+01 4.089999999999999858e+00 4.610000000000000320e+00 1.299999999999999940e-02 3.340000000000000087e-03 2.999999999999999889e-02 2.000000000000000111e-01 4.600000000000000000e+01
