2.999999999999999889e-02 3.200000000000000067e-01 8.599999999999999867e-01 9.599999999999999645e+00 6.495999999999999375e+01 6.339999999999999858e+01 4.019999999999999574e+00 5.629999999999999893e+00 1.400000000000000029e-02 4.508999999999999814e-02 7.000000000000000666e-02 2.099999999999999922e-01 4.800000000000000000e+01
2.000000000000000042e-02 2.300000000000000100e-01 9.199999999999999289e+00 3.700000000000000178e+00 7.537000000000000455e+01 3.064000000000000057e+01 8.779999999999999361e+00 5.309999999999999609e+00 1.499999999999999944e-02 1.457499999999999907e-01 1.600000000000000033e-01 2.700000000000000178e-01 4.800000000000000000e+01
4.000000000000000083e-02 2.200000000000000011e-01 7.059999999999999609e+00 5.639999999999999680e+00 5.432000000000000028e+01 5.306000000000000227e+01 2.700000000000000178e-01 2.580000000000000071e+00 1.899999999999999953e-02 2.981900000000000106e-01 3.099999999999999978e-01 3.800000000000000044e-01 6.000000000000000000e+01
5.000000000000000278e-02 2.999999999999999889e-02 9.009999999999999787e+00 3.680000000000000160e+00 7.095000000000000284e+01 5.240999999999999659e+01 7.589999999999999858e+00 3.069999999999999840e+00 1.499999999999999944e-02 1.199100000000000027e-01 1.400000000000000133e-01 2.399999999999999911e-01 5.300000000000000000e+01
4.000000000000000083e-02 1.799999999999999933e-01 8.779999999999999361e+00 3.129999999999999893e+00 6.489000000000000057e+01 6.096000000000000085e+01 1.100000000000000006e-01 5.509999999999999787e+00 2.299999999999999961e-02 9.464999999999999802e-02 1.199999999999999956e-01 2.300000000000000100e-01 6.200000000000000000e+01
4.000000000000000083e-02 3.200000000000000067e-01 4.030000000000000249e+00 9.050000000000000711e+00 3.771000000000000085e+01 4.060999999999999943e+01 4.940000000000000391e+00 6.620000000000000107e+00 2.199999999999999872e-02 2.262899999999999912e-01 2.399999999999999911e-01 2.899999999999999800e-01 7.000000000000000000e+01
4.000000000000000083e-02 2.000000000000000111e-01 7.530000000000000249e+00 3.529999999999999805e+00 6.409000000000000341e+01 6.504999999999999716e+01 5.000000000000000278e-02 5.919999999999999929e+00 2.199999999999999872e-02 3.051999999999999852e-02 5.999999999999999778e-02 1.799999999999999933e-01 5.900000000000000000e+01
2.999999999999999889e-02 3.599999999999999867e-01 9.710000000000000853e+00 4.410000000000000142e+00 5.750000000000000000e+01 3.353000000000000114e+01 5.280000000000000249e+00 5.019999999999999574e+00 1.700000000000000122e-02 1.156500000000000028e-01 1.300000000000000044e-01 2.200000000000000011e-01 5.400000000000000000e+01
1.000000000000000021e-02 4.199999999999999845e-01 7.519999999999999574e+00 6.169999999999999929e+00 4.460000000000000142e+01 5.525999999999999801e+01 6.469999999999999751e+00 6.150000000000000355e+00 1.600000000000000033e-02 1.861800000000000122e-01 2.000000000000000111e-01 2.700000000000000178e-01 4.400000000000000000e+01
2.999999999999999889e-02 3.800000000000000044e-01 6.450000000000000178e+00 3.819999999999999840e+00 9.320000000000000284e+00 5.709000000000000341e+01 5.349999999999999645e+00 3.729999999999999982e+00 1.600000000000000033e-02 5.420000000000000338e-03 2.000000000000000042e-02 5.000000000000000278e-02 6.800000000000000000e+01
4.000000000000000083e-02 5.000000000000000278e-02 1.199999999999999956e+00 9.820000000000000284e+00 2.580999999999999872e+01 4.582000000000000028e+01 5.639999999999999680e+00 5.169999999999999929e+00 1.099999999999999936e-02 8.938000000000000111e-02 1.000000000000000056e-01 2.000000000000000111e-01 5.200000000000000000e+01
2.999999999999999889e-02 2.899999999999999800e-01 7.199999999999999734e-01 6.419999999999999929e+00 4.640999999999999659e+01 5.206000000000000227e+01 5.190000000000000391e+00 2.560000000000000053e+00 2.100000000000000130e-02 1.839300000000000102e-01 2.000000000000000111e-01 3.200000000000000067e-01 5.800000000000000000e+01
2.999999999999999889e-02 4.000000000000000222e-01 5.540000000000000036e+00 6.830000000000000071e+00 8.189999999999999503e+00 6.667000000000000171e+01 4.240000000000000213e+00 2.870000000000000107e+00 1.400000000000000029e-02 1.346400000000000097e-01 1.400000000000000133e-01 1.600000000000000033e-01 5.100000000000000000e+01
4.000000000000000083e-02 5.999999999999999778e-02 2.870000000000000107e+00 6.620000000000000107e+00 5.507999999999999829e+01 6.887000000000000455e+01 9.460000000000000853e+00 3.140000000000000124e+00 1.499999999999999944e-02 2.028399999999999925e-01 2.200000000000000011e-01 2.899999999999999800e-01 5.300000000000000000e+01
1.000000000000000021e-02 3.400000000000000244e-01 9.910000000000000142e+00 7.330000000000000071e+00 2.953999999999999915e+01 3.727000000000000313e+01 2.609999999999999876e+00 6.919999999999999929e+00 2.199999999999999872e-02 5.170000000000000116e-03 2.999999999999999889e-02 1.100000000000000006e-01 4.500000000000000000e+01
2.000000000000000042e-02 4.699999999999999734e-01 4.830000000000000071e+00 9.390000000000000568e+00 2.605999999999999872e+01 3.700999999999999801e+01 8.900000000000000355e+00 2.459999999999999964e+00 2.199999999999999872e-02 2.326499999999999957e-01 2.399999999999999911e-01 2.899999999999999800e-01 4.800000000000000000e+01
1.000000000000000021e-02 1.600000000000000033e-01 5.089999999999999858e+00 8.580000000000000071e+00 2.630999999999999872e+01 6.879999999999999716e+01 7.110000000000000320e+00 3.120000000000000107e+00 1.700000000000000122e-02 8.751000000000000445e-02 1.000000000000000056e-01 1.499999999999999944e-01 4.400000000000000000e+01
4.000000000000000083e-02 2.000000000000000111e-01 5.490000000000000213e+00 6.740000000000000213e+00 3.639000000000000057e+01 7.095000000000000284e+01 3.699999999999999956e-01 4.099999999999999645e+00 1.299999999999999940e-02 2.489500000000000046e-01 2.500000000000000000e-01 3.099999999999999978e-01 5.400000000000000000e+01
2.000000000000000042e-02 1.300000000000000044e-01 1.459999999999999964e+00 2.250000000000000000e+00 7.356000000000000227e+01 4.302000000000000313e+01 3.290000000000000036e+00 4.839999999999999858e+00 2.199999999999999872e-02 2.911000000000000254e-01 3.099999999999999978e-01 4.199999999999999845e-01 5.500000000000000000e+01
5.000000000000000278e-02 4.899999999999999911e-01 3.930000000000000160e+00 5.519999999999999574e+00 1.612000000000000099e+01 7.939000000000000057e+01 2.250000000000000000e+00 5.679999999999999716e+00 1.299999999999999940e-02 1.421000000000000041e-02 2.999999999999999889e-02 7.000000000000000666e-02 6.100000000000000000e+01
1.000000000000000021e-02 3.900000000000000133e-01 7.250000000000000000e+00 2.470000000000000195e+00 8.314000000000000057e+01 5.178999999999999915e+01 2.029999999999999805e+00 4.030000000000000249e+00 1.299999999999999940e-02 2.976900000000000102e-01 3.099999999999999978e-01 4.099999999999999756e-01 4.400000000000000000e+01
4.000000000000000083e-02 3.599999999999999867e-01 6.620000000000000107e+00 2.240000000000000213e+00 8.271999999999999886e+01 6.581000000000000227e+01 5.169999999999999929e+00 2.339999999999999858e+00 1.200000000000000025e-02 6.010999999999999677e-02 8.000000000000000167e-02 2.000000000000000111e-01 4.700000000000000000e+01
2.999999999999999889e-02 4.500000000000000111e-01 1.879999999999999893e+00 5.469999999999999751e+00 7.256999999999999318e+01 6.879999999999999716e+01 7.940000000000000391e+00 6.230000000000000426e+00 1.799999999999999864e-02 1.538100000000000023e-01 1.700000000000000122e-01 2.899999999999999800e-01 5.500000000000000000e+01
2.000000000000000042e-02 2.999999999999999889e-02 2.600000000000000089e-01 7.230000000000000426e+00 3.073000000000000043e+01 3.078999999999999915e+01 7.019999999999999574e+00 4.669999999999999929e+00 2.400000000000000050e-02 2.441000000000000114e-02 5.999999999999999778e-02 2.399999999999999911e-01 5.400000000000000000e+01
5.000000000000000278e-02 3.800000000000000044e-01 8.800000000000000711e+00 2.919999999999999929e+00 2.414000000000000057e+01 4.224000000000000199e+01 5.669999999999999929e+00 2.350000000000000089e+00 2.299999999999999961e-02 1.567800000000000027e-01 1.700000000000000122e-01 2.099999999999999922e-01 8.300000000000000000e+01
4.000000000000000083e-02 1.100000000000000006e-01 5.320000000000000284e+00 2.439999999999999947e+00 2.132999999999999829e+01 3.067000000000000171e+01 4.620000000000000107e+00 2.290000000000000036e+00 1.299999999999999940e-02 2.596800000000000219e-01 2.600000000000000089e-01 2.999999999999999889e-01 6.200000000000000000e+01
2.999999999999999889e-02 1.300000000000000044e-01 1.820000000000000062e+00 2.109999999999999876e+00 8.268000000000000682e+01 7.101999999999999602e+01 2.160000000000000142e+00 3.620000000000000107e+00 1.400000000000000029e-02 1.372099999999999986e-01 1.499999999999999944e-01 2.800000000000000266e-01 4.800000000000000000e+01
2.999999999999999889e-02 8.999999999999999667e-02 5.799999999999999600e-01 7.690000000000000391e+00 1.233000000000000007e+01 7.679999999999999716e+01 5.699999999999999512e-01 6.490000000000000213e+00 1.899999999999999953e-02 5.510000000000000141e-03 4.000000000000000083e-02 2.000000000000000111e-01 5.400000000000000000e+01
5.000000000000000278e-02 2.000000000000000042e-02 1.459999999999999964e+00 9.160000000000000142e+00 5.997999999999999687e+01 5.203000000000000114e+01 5.240000000000000213e+00 2.899999999999999911e+00 2.199999999999999872e-02 2.883100000000000107e-01 3.099999999999999978e-01 4.000000000000000222e-01 6.400000000000000000e+01
5.000000000000000278e-02 1.799999999999999933e-01 9.900000000000000355e+00 8.679999999999999716e+00 1.585999999999999943e+01 5.940999999999999659e+01 2.089999999999999858e+00 4.429999999999999716e+00 1.700000000000000122e-02 2.270899999999999863e-01 2.300000000000000100e-01 2.600000000000000089e-01 5.300000000000000000e+01
2.999999999999999889e-02 2.099999999999999922e-01 5.660000000000000142e+00 8.810000000000000497e+00 7.145000000000000284e+01 4.302000000000000313e+01 9.640000000000000568e+00 4.570000000000000284e+00 1.200000000000000025e-02 2.710000000000000187e-01 2.800000000000000266e-01 3.699999999999999956e-01 4.700000000000000000e+01
2.000000000000000042e-02 1.499999999999999944e-01 1.800000000000000044e+00 6.599999999999999645e+00 5.142000000000000171e+01 4.957999999999999829e+01 9.949999999999999289e+00 5.370000000000000107e+00 2.299999999999999961e-02 1.720000000000000001e-02 5.000000000000000278e-02 1.900000000000000022e-01 6.100000000000000000e+01
1.000000000000000021e-02 1.199999999999999956e-01 3.160000000000000142e+00 9.390000000000000568e+00 5.113000000000000256e+01 2.998000000000000043e+01 9.960000000000000853e+00 6.679999999999999716e+00 1.499999999999999944e-02 1.639400000000000024e-01 1.799999999999999933e-01 2.500000000000000000e-01 4.700000000000000000e+01
4.000000000000000083e-02 1.400000000000000133e-01 4.809999999999999609e+00 7.490000000000000213e+00 6.307999999999999829e+01 3.839000000000000057e+01 5.740000000000000213e+00 4.139999999999999680e+00 2.299999999999999961e-02 4.555000000000000021e-02 7.000000000000000666e-02 1.900000000000000022e-01 6.100000000000000000e+01
2.999999999999999889e-02 1.199999999999999956e-01 3.799999999999999822e+00 6.870000000000000107e+00 3.343999999999999773e+01 5.046000000000000085e+01 5.160000000000000142e+00 3.479999999999999982e+00 1.700000000000000122e-02 1.536899999999999933e-01 1.600000000000000033e-01 2.200000000000000011e-01 6.100000000000000000e+01
2.000000000000000042e-02 3.300000000000000155e-01 6.999999999999999556e-01 2.450000000000000178e+00 8.368999999999999773e+01 6.043999999999999773e+01 4.169999999999999929e+00 6.820000000000000284e+00 1.799999999999999864e-02 9.175999999999999435e-02 1.199999999999999956e-01 2.700000000000000178e-01 5.000000000000000000e+01
1.000000000000000021e-02 4.899999999999999911e-01 3.950000000000000178e+00 6.349999999999999645e+00 5.829999999999999716e+01 4.602000000000000313e+01 4.110000000000000320e+00 5.980000000000000426e+00 1.299999999999999940e-02 1.151999999999999968e-01 1.300000000000000044e-01 2.200000000000000011e-01 4.500000000000000000e+01
2.000000000000000042e-02 2.399999999999999911e-01 9.599999999999999645e+00 6.790000000000000036e+00 6.372999999999999687e+01 5.589000000000000057e+01 4.070000000000000284e+00 5.570000000000000284e+00 1.600000000000000033e-02 9.049999999999999711e-02 1.100000000000000006e-01 2.200000000000000011e-01 5.000000000000000000e+01
2.999999999999999889e-02 4.899999999999999911e-01 6.969999999999999751e+00 7.040000000000000036e+00 1.194999999999999929e+01 3.130999999999999872e+01 1.280000000000000027e+00 3.009999999999999787e+00 1.299999999999999940e-02 6.286999999999999533e-02 7.000000000000000666e-02 1.000000000000000056e-01 4.900000000000000000e+01
2.000000000000000042e-02 1.900000000000000022e-01 9.359999999999999432e+00 5.940000000000000391e+00 5.454999999999999716e+01 7.254000000000000625e+01 3.410000000000000142e+00 2.250000000000000000e+00 1.899999999999999953e-02 2.271100000000000063e-01 2.399999999999999911e-01 3.200000000000000067e-01 5.600000000000000000e+01
2.999999999999999889e-02 2.300000000000000100e-01 1.060000000000000053e+00 8.150000000000000355e+00 5.010000000000000142e+01 5.195000000000000284e+01 5.610000000000000320e+00 2.299999999999999822e+00 1.799999999999999864e-02 5.208000000000000129e-02 8.000000000000000167e-02 2.200000000000000011e-01 5.500000000000000000e+01
2.999999999999999889e-02 5.000000000000000278e-02 5.400000000000000355e-01 7.540000000000000036e+00 8.000000000000000000e+01 7.726999999999999602e+01 3.410000000000000142e+00 3.979999999999999982e+00 1.299999999999999940e-02 6.897999999999999965e-02 8.999999999999999667e-02 2.300000000000000100e-01 4.700000000000000000e+01
2.000000000000000042e-02 8.000000000000000167e-02 3.900000000000000133e-01 3.959999999999999964e+00 3.543999999999999773e+01 7.468999999999999773e+01 9.359999999999999432e+00 2.100000000000000089e+00 2.199999999999999872e-02 9.138000000000000289e-02 1.199999999999999956e-01 2.700000000000000178e-01 5.500000000000000000e+01
2.999999999999999889e-02 3.400000000000000244e-01 4.349999999999999645e+00 5.280000000000000249e+00 2.328999999999999915e+01 4.753000000000000114e+01 4.799999999999999822e-01 3.100000000000000089e+00 2.100000000000000130e-02 1.423800000000000066e-01 1.499999999999999944e-01 2.000000000000000111e-01 4.900000000000000000e+01
2.999999999999999889e-02 8.000000000000000167e-02 9.849999999999999645e+00 2.950000000000000178e+00 7.940000000000000391e+00 5.188000000000000256e+01 2.049999999999999822e+00 5.830000000000000071e+00 2.299999999999999961e-02 2.410499999999999865e-01 2.399999999999999911e-01 2.600000000000000089e-01 5.900000000000000000e+01
2.000000000000000042e-02 3.400000000000000244e-01 2.310000000000000053e+00 7.099999999999999645e+00 5.435999999999999943e+01 6.429999999999999716e+01 5.580000000000000071e+00 5.379999999999999893e+00 2.100000000000000130e-02 2.770500000000000185e-01 2.899999999999999800e-01 3.699999999999999956e-01 6.300000000000000000e+01
1.000000000000000021e-02 2.000000000000000042e-02 2.589999999999999858e+00 4.429999999999999716e+00 2.164999999999999858e+01 6.517000000000000171e+01 9.279999999999999361e+00 2.399999999999999911e+00 2.000000000000000042e-02 2.568799999999999972e-01 2.700000000000000178e-01 3.200000000000000067e-01 8.900000000000000000e+01
4.000000000000000083e-02 2.399999999999999911e-01 2.020000000000000018e+00 2.209999999999999964e+00 5.434000000000000341e+01 6.199000000000000199e+01 2.500000000000000000e+00 3.750000000000000000e+00 1.299999999999999940e-02 2.912000000000000005e-02 5.000000000000000278e-02 1.600000000000000033e-01 5.200000000000000000e+01
2.999999999999999889e-02 4.000000000000000083e-02 9.990000000000000213e+00 4.379999999999999893e+00 7.184000000000000341e+01 6.728000000000000114e+01 3.490000000000000213e+00 6.669999999999999929e+00 1.200000000000000025e-02 2.419999999999999842e-03 2.000000000000000042e-02 1.600000000000000033e-01 4.500000000000000000e+01
2.999999999999999889e-02 4.799999999999999822e-01 2.270000000000000018e+00 8.759999999999999787e+00 7.484999999999999432e+01 4.528000000000000114e+01 2.669999999999999929e+00 2.859999999999999876e+00 1.799999999999999864e-02 2.260900000000000132e-01 2.399999999999999911e-01 3.400000000000000244e-01 5.500000000000000000e+01
2.000000000000000042e-02 2.700000000000000178e-01 9.799999999999999822e-01 6.040000000000000036e+00 2.560999999999999943e+01 4.215999999999999659e+01 6.299999999999999822e+00 5.509999999999999787e+00 1.299999999999999940e-02 2.627900000000000236e-01 2.700000000000000178e-01 3.699999999999999956e-01 5.000000000000000000e+01
2.999999999999999889e-02 1.100000000000000006e-01 3.270000000000000018e+00 2.629999999999999893e+00 5.732000000000000028e+01 3.108999999999999986e+01 4.000000000000000000e+00 6.250000000000000000e+00 2.199999999999999872e-02 1.661299999999999999e-01 1.900000000000000022e-01 2.700000000000000178e-01 6.100000000000000000e+01
1.000000000000000021e-02 1.499999999999999944e-01 9.359999999999999432e+00 2.100000000000000089e+00 4.931000000000000227e+01 7.800000000000000000e+01 2.169999999999999929e+00 5.910000000000000142e+00 1.700000000000000122e-02 1.063400000000000040e-01 1.199999999999999956e-01 2.099999999999999922e-01 4.400000000000000000e+01
4.000000000000000083e-02 2.800000000000000266e-01 1.689999999999999947e+00 3.810000000000000053e+00 8.395999999999999375e+01 4.585000000000000142e+01 7.049999999999999822e+00 6.299999999999999822e+00 1.600000000000000033e-02 1.231000000000000011e-01 1.400000000000000133e-01 2.700000000000000178e-01 5.200000000000000000e+01
4.000000000000000083e-02 4.299999999999999933e-01 5.769999999999999574e+00 6.530000000000000249e+00 7.367000000000000171e+01 4.225000000000000000e+01 6.190000000000000391e+00 2.830000000000000071e+00 2.199999999999999872e-02 2.305399999999999949e-01 2.500000000000000000e-01 3.499999999999999778e-01 6.000000000000000000e+01
2.999999999999999889e-02 4.500000000000000111e-01 5.110000000000000320e+00 7.169999999999999929e+00 1.141999999999999993e+01 4.050000000000000000e+01 1.919999999999999929e+00 5.169999999999999929e+00 2.100000000000000130e-02 2.178499999999999881e-01 2.200000000000000011e-01 2.500000000000000000e-01 5.500000000000000000e+01
2.999999999999999889e-02 8.999999999999999667e-02 5.330000000000000071e+00 4.500000000000000000e+00 1.687000000000000099e+01 5.521000000000000085e+01 7.629999999999999893e+00 4.200000000000000178e+00 2.100000000000000130e-02 1.915699999999999903e-01 2.000000000000000111e-01 2.300000000000000100e-01 5.200000000000000000e+01
2.999999999999999889e-02 2.099999999999999922e-01 8.839999999999999858e+00 6.839999999999999858e+00 2.894999999999999929e+01 7.678000000000000114e+01 9.499999999999999556e-01 5.620000000000000107e+00 2.299999999999999961e-02 1.731499999999999984e-01 1.900000000000000022e-01 2.399999999999999911e-01 5.000000000000000000e+01
1.000000000000000021e-02 1.799999999999999933e-01 9.460000000000000853e+00 9.839999999999999858e+00 8.079999999999999716e+01 4.789000000000000057e+01 3.500000000000000000e+00 3.600000000000000089e+00 1.499999999999999944e-02 1.904000000000000137e-01 2.099999999999999922e-01 3.200000000000000067e-01 4.600000000000000000e+01
2.000000000000000042e-02 1.199999999999999956e-01 9.439999999999999503e+00 8.349999999999999645e+00 2.269999999999999929e+01 6.032999999999999829e+01 5.389999999999999680e+00 3.100000000000000089e+00 1.400000000000000029e-02 9.758000000000000007e-02 1.100000000000000006e-01 1.499999999999999944e-01 5.700000000000000000e+01
1.000000000000000021e-02 1.499999999999999944e-01 1.590000000000000080e+00 6.950000000000000178e+00 3.085000000000000142e+01 6.097999999999999687e+01 5.000000000000000278e-02 5.250000000000000000e+00 2.199999999999999872e-02 1.116700000000000054e-01 1.400000000000000133e-01 2.399999999999999911e-01 6.300000000000000000e+01
2.000000000000000042e-02 1.000000000000000021e-02 1.540000000000000036e+00 9.580000000000000071e+00 1.980000000000000071e+01 6.346000000000000085e+01 8.699999999999999956e-01 2.620000000000000107e+00 1.600000000000000033e-02 1.297500000000000042e-01 1.499999999999999944e-01 2.399999999999999911e-01 6.000000000000000000e+01
2.000000000000000042e-02 4.899999999999999911e-01 9.910000000000000142e+00 8.730000000000000426e+00 7.389999999999999680e+00 3.515999999999999659e+01 3.229999999999999982e+00 6.700000000000000178e+00 2.299999999999999961e-02 1.681499999999999939e-01 1.700000000000000122e-01 1.900000000000000022e-01 5.700000000000000000e+01
1.000000000000000021e-02 2.399999999999999911e-01 1.219999999999999973e+00 8.119999999999999218e+00 8.473000000000000398e+01 6.077000000000000313e+01 5.629999999999999893e+00 5.099999999999999645e+00 2.100000000000000130e-02 1.237499999999999989e-01 1.499999999999999944e-01 2.899999999999999800e-01 5.000000000000000000e+01
5.000000000000000278e-02 5.000000000000000278e-02 1.360000000000000098e+00 9.580000000000000071e+00 2.678999999999999915e+01 5.214000000000000057e+01 1.780000000000000027e+00 4.469999999999999751e+00 1.200000000000000025e-02 1.413999999999999979e-02 4.000000000000000083e-02 1.499999999999999944e-01 5.400000000000000000e+01
2.000000000000000042e-02 2.899999999999999800e-01 7.379999999999999893e+00 7.559999999999999609e+00 2.480999999999999872e+01 3.254999999999999716e+01 5.080000000000000071e+00 3.419999999999999929e+00 1.499999999999999944e-02 1.637699999999999989e-01 1.700000000000000122e-01 2.099999999999999922e-01 5.800000000000000000e+01
2.000000000000000042e-02 4.899999999999999911e-01 1.360000000000000098e+00 9.320000000000000284e+00 6.473999999999999488e+01 3.606000000000000227e+01 1.949999999999999956e+00 6.740000000000000213e+00 1.700000000000000122e-02 1.387200000000000100e-01 1.600000000000000033e-01 2.800000000000000266e-01 5.200000000000000000e+01
4.000000000000000083e-02 1.900000000000000022e-01 5.750000000000000000e+00 6.589999999999999858e+00 7.409999999999999432e+01 5.702000000000000313e+01 2.359999999999999876e+00 4.940000000000000391e+00 2.199999999999999872e-02 1.221099999999999963e-01 1.499999999999999944e-01 2.600000000000000089e-01 5.900000000000000000e+01
2.000000000000000042e-02 1.400000000000000133e-01 6.500000000000000222e-01 2.950000000000000178e+00 5.675000000000000000e+01 6.734000000000000341e+01 9.899999999999999911e-01 3.310000000000000053e+00 1.200000000000000025e-02 6.371999999999999886e-02 8.000000000000000167e-02 2.300000000000000100e-01 4.500000000000000000e+01
1.000000000000000021e-02 2.899999999999999800e-01 9.369999999999999218e+00 5.169999999999999929e+00 4.445000000000000284e+01 7.103000000000000114e+01 1.709999999999999964e+00 5.929999999999999716e+00 1.299999999999999940e-02 1.566500000000000115e-01 1.700000000000000122e-01 2.399999999999999911e-01 4.700000000000000000e+01
2.000000000000000042e-02 2.999999999999999889e-01 8.369999999999999218e+00 6.169999999999999929e+00 4.896999999999999886e+01 2.953000000000000114e+01 3.330000000000000071e+00 5.889999999999999680e+00 2.000000000000000042e-02 1.161399999999999932e-01 1.300000000000000044e-01 2.200000000000000011e-01 4.600000000000000000e+01
1.000000000000000021e-02 4.500000000000000111e-01 8.240000000000000213e+00 9.949999999999999289e+00 2.812000000000000099e+01 7.201000000000000512e+01 1.189999999999999947e+00 6.769999999999999574e+00 1.799999999999999864e-02 2.020000000000000094e-03 2.000000000000000042e-02 1.000000000000000056e-01 4.500000000000000000e+01
2.999999999999999889e-02 2.700000000000000178e-01 9.109999999999999432e+00 8.669999999999999929e+00 4.967000000000000171e+01 4.720000000000000284e+01 7.940000000000000391e+00 5.080000000000000071e+00 2.100000000000000130e-02 2.294599999999999973e-01 2.399999999999999911e-01 3.099999999999999978e-01 6.100000000000000000e+01
2.999999999999999889e-02 1.000000000000000021e-02 8.919999999999999929e+00 7.549999999999999822e+00 6.706000000000000227e+01 3.821000000000000085e+01 3.069999999999999840e+00 3.589999999999999858e+00 1.200000000000000025e-02 2.338300000000000101e-01 2.399999999999999911e-01 3.300000000000000155e-01 4.700000000000000000e+01
2.000000000000000042e-02 2.200000000000000011e-01 5.120000000000000107e+00 2.609999999999999876e+00 7.192000000000000171e+01 4.267000000000000171e+01 1.580000000000000071e+00 2.419999999999999929e+00 2.299999999999999961e-02 1.368999999999999939e-01 1.600000000000000033e-01 2.700000000000000178e-01 5.600000000000000000e+01
4.000000000000000083e-02 5.000000000000000278e-02 2.959999999999999964e+00 8.320000000000000284e+00 4.304999999999999716e+01 2.537999999999999901e+01 5.440000000000000391e+00 5.370000000000000107e+00 1.700000000000000122e-02 2.075899999999999967e-01 2.200000000000000011e-01 2.800000000000000266e-01 6.000000000000000000e+01
2.000000000000000042e-02 1.600000000000000033e-01 5.929999999999999716e+00 2.479999999999999982e+00 7.942000000000000171e+01 7.423999999999999488e+01 3.930000000000000160e+00 2.140000000000000124e+00 2.199999999999999872e-02 3.710000000000000190e-03 4.000000000000000083e-02 2.000000000000000111e-01 5.200000000000000000e+01
2.000000000000000042e-02 4.400000000000000022e-01 5.990000000000000213e+00 5.320000000000000284e+00 5.489999999999999858e+01 6.017000000000000171e+01 5.709999999999999964e+00 3.180000000000000160e+00 1.299999999999999940e-02 7.370000000000000162e-02 8.999999999999999667e-02 1.900000000000000022e-01 4.700000000000000000e+01
2.999999999999999889e-02 1.400000000000000133e-01 2.549999999999999822e+00 3.279999999999999805e+00 6.292999999999999972e+01 3.939999999999999858e+01 8.750000000000000000e+00 5.629999999999999893e+00 1.700000000000000122e-02 1.213899999999999979e-01 1.400000000000000133e-01 2.399999999999999911e-01 5.500000000000000000e+01
4.000000000000000083e-02 4.600000000000000200e-01 7.679999999999999716e+00 7.929999999999999716e+00 5.670000000000000284e+01 6.220000000000000284e+01 3.709999999999999964e+00 2.850000000000000089e+00 1.200000000000000025e-02 7.757999999999999619e-02 8.999999999999999667e-02 1.799999999999999933e-01 4.900000000000000000e+01
5.000000000000000278e-02 1.499999999999999944e-01 9.359999999999999432e+00 4.440000000000000391e+00 2.703000000000000114e+01 6.681000000000000227e+01 3.790000000000000036e+00 2.149999999999999911e+00 1.899999999999999953e-02 2.150000000000000001e-03 2.000000000000000042e-02 1.000000000000000056e-01 6.300000000000000000e+01
1.000000000000000021e-02 3.200000000000000067e-01 3.009999999999999787e+00 2.490000000000000213e+00 7.206000000000000227e+01 4.950999999999999801e+01 9.900000000000000355e+00 3.200000000000000178e+00 1.499999999999999944e-02 2.157499999999999973e-01 2.300000000000000100e-01 3.300000000000000155e-01 4.600000000000000000e+01
2.000000000000000042e-02 4.400000000000000022e-01 3.200000000000000178e+00 7.950000000000000178e+00 6.028999999999999915e+01 5.220000000000000284e+01 3.129999999999999893e+00 3.879999999999999893e+00 1.299999999999999940e-02 9.553999999999999992e-02 1.100000000000000006e-01 2.099999999999999922e-01 4.700000000000000000e+01
1.000000000000000021e-02 4.000000000000000222e-01 7.769999999999999574e+00 2.609999999999999876e+00 3.824000000000000199e+01 4.803999999999999915e+01 5.769999999999999574e+00 3.509999999999999787e+00 1.899999999999999953e-02 2.059999999999999887e-01 2.200000000000000011e-01 2.800000000000000266e-01 4.500000000000000000e+01
2.000000000000000042e-02 7.000000000000000666e-02 7.530000000000000249e+00 5.620000000000000107e+00 3.990999999999999659e+01 3.182000000000000028e+01 9.759999999999999787e+00 4.030000000000000249e+00 2.100000000000000130e-02 2.404900000000000093e-01 2.500000000000000000e-01 3.099999999999999978e-01 4.700000000000000000e+01
1.000000000000000021e-02 3.699999999999999956e-01 2.300000000000000100e-01 2.060000000000000053e+00 7.268000000000000682e+01 3.832000000000000028e+01 5.000000000000000000e+00 2.399999999999999911e+00 1.600000000000000033e-02 4.488000000000000322e-02 7.000000000000000666e-02 2.399999999999999911e-01 4.500000000000000000e+01
2.999999999999999889e-02 4.799999999999999822e-01 5.370000000000000107e+00 4.849999999999999645e+00 7.080000000000000071e+00 2.789999999999999858e+01 5.679999999999999716e+00 5.639999999999999680e+00 2.199999999999999872e-02 2.126899999999999902e-01 2.099999999999999922e-01 2.300000000000000100e-01 6.100000000000000000e+01
1.000000000000000021e-02 1.300000000000000044e-01 6.509999999999999787e+00 9.980000000000000426e+00 7.745999999999999375e+01 4.210999999999999943e+01 2.859999999999999876e+00 5.429999999999999716e+00 2.000000000000000042e-02 1.744799999999999962e-01 1.900000000000000022e-01 3.099999999999999978e-01 4.300000000000000000e+01
1.000000000000000021e-02 3.699999999999999956e-01 5.530000000000000249e+00 2.990000000000000213e+00 3.765999999999999659e+01 4.549000000000000199e+01 7.839999999999999858e+00 6.629999999999999893e+00 1.700000000000000122e-02 1.038300000000000056e-01 1.199999999999999956e-01 1.900000000000000022e-01 4.400000000000000000e+01
1.000000000000000021e-02 8.000000000000000167e-02 8.650000000000000355e+00 5.259999999999999787e+00 6.332000000000000028e+01 6.401000000000000512e+01 6.549999999999999822e+00 5.209999999999999964e+00 2.000000000000000042e-02 2.899800000000000155e-01 2.999999999999999889e-01 3.900000000000000133e-01 4.300000000000000000e+01
2.999999999999999889e-02 3.699999999999999956e-01 6.580000000000000071e+00 2.580000000000000071e+00 5.875999999999999801e+01 5.418999999999999773e+01 6.459999999999999964e+00 5.269999999999999574e+00 1.600000000000000033e-02 2.546900000000000275e-01 2.700000000000000178e-01 3.499999999999999778e-01 5.300000000000000000e+01
2.000000000000000042e-02 2.500000000000000000e-01 2.509999999999999787e+00 9.099999999999999645e+00 6.706999999999999318e+01 5.950000000000000000e+01 8.169999999999999929e+00 4.830000000000000071e+00 1.600000000000000033e-02 2.318800000000000028e-01 2.500000000000000000e-01 3.400000000000000244e-01 5.100000000000000000e+01
2.000000000000000042e-02 2.999999999999999889e-02 2.799999999999999822e+00 7.610000000000000320e+00 7.423000000000000398e+01 7.454000000000000625e+01 4.809999999999999609e+00 6.370000000000000107e+00 1.700000000000000122e-02 5.072999999999999732e-02 7.000000000000000666e-02 2.099999999999999922e-01 5.000000000000000000e+01
2.999999999999999889e-02 3.699999999999999956e-01 6.900000000000000355e+00 4.929999999999999716e+00 3.185000000000000142e+01 4.395000000000000284e+01 9.890000000000000568e+00 3.580000000000000071e+00 1.499999999999999944e-02 1.320999999999999952e-02 4.000000000000000083e-02 8.999999999999999667e-02 7.900000000000000000e+01
1.000000000000000021e-02 2.000000000000000042e-02 1.959999999999999964e+00 5.419999999999999929e+00 7.276000000000000512e+01 6.092000000000000171e+01 3.259999999999999787e+00 4.200000000000000178e+00 1.899999999999999953e-02 1.538100000000000023e-01 1.700000000000000122e-01 2.899999999999999800e-01 5.100000000000000000e+01
4.000000000000000083e-02 2.700000000000000178e-01 5.809999999999999609e+00 2.220000000000000195e+00 2.408999999999999986e+01 4.821999999999999886e+01 1.979999999999999982e+00 5.459999999999999964e+00 1.899999999999999953e-02 2.408599999999999908e-01 2.500000000000000000e-01 2.899999999999999800e-01 5.000000000000000000e+01
5.000000000000000278e-02 3.200000000000000067e-01 2.870000000000000107e+00 5.540000000000000036e+00 3.384000000000000341e+01 4.090999999999999659e+01 6.089999999999999858e+00 5.410000000000000142e+00 2.000000000000000042e-02 1.618300000000000016e-01 1.799999999999999933e-01 2.300000000000000100e-01 7.500000000000000000e+01
4.000000000000000083e-02 1.799999999999999933e-01 3.779999999999999805e+00 2.750000000000000000e+00 5.613000000000000256e+01 2.842000000000000171e+01 3.899999999999999911e+00 6.049999999999999822e+00 2.299999999999999961e-02 2.973000000000000087e-01 3.099999999999999978e-01 3.900000000000000133e-01 6.400000000000000000e+01
5.000000000000000278e-02 4.299999999999999933e-01 4.230000000000000426e+00 2.270000000000000018e+00 4.540999999999999659e+01 6.546999999999999886e+01 5.240000000000000213e+00 5.959999999999999964e+00 2.100000000000000130e-02 2.296100000000000085e-01 2.399999999999999911e-01 3.099999999999999978e-01 6.700000000000000000e+01
2.000000000000000042e-02 3.300000000000000155e-01 8.140000000000000568e+00 7.929999999999999716e+00 1.375000000000000000e+01 7.281000000000000227e+01 5.230000000000000426e+00 6.120000000000000107e+00 1.899999999999999953e-02 1.613499999999999934e-01 1.700000000000000122e-01 2.000000000000000111e-01 4.900000000000000000e+01
1.000000000000000021e-02 1.900000000000000022e-01 2.169999999999999929e+00 9.289999999999999147e+00 8.070000000000000284e+00 7.362999999999999545e+01 2.080000000000000071e+00 2.490000000000000213e+00 1.600000000000000033e-02 2.318999999999999881e-02 4.000000000000000083e-02 1.199999999999999956e-01 7.300000000000000000e+01
2.999999999999999889e-02 5.999999999999999778e-02 4.450000000000000178e+00 6.469999999999999751e+00 2.164000000000000057e+01 4.561999999999999744e+01 1.889999999999999902e+00 4.389999999999999680e+00 1.899999999999999953e-02 1.851299999999999890e-01 1.900000000000000022e-01 2.300000000000000100e-01 5.000000000000000000e+01
5.000000000000000278e-02 1.600000000000000033e-01 6.629999999999999893e+00 5.410000000000000142e+00 5.646000000000000085e+01 5.706000000000000227e+01 6.679999999999999716e+00 5.870000000000000107e+00 1.499999999999999944e-02 1.138900000000000051e-01 1.300000000000000044e-01 2.200000000000000011e-01 5.500000000000000000e+01
2.000000000000000042e-02 5.000000000000000000e-01 1.689999999999999947e+00 7.929999999999999716e+00 6.842000000000000171e+01 3.756000000000000227e+01 3.560000000000000053e+00 3.029999999999999805e+00 2.199999999999999872e-02 2.814400000000000235e-01 2.999999999999999889e-01 4.099999999999999756e-01 5.800000000000000000e+01
5.000000000000000278e-02 2.999999999999999889e-02 8.900000000000000133e-01 2.149999999999999911e+00 4.399000000000000199e+01 4.759000000000000341e+01 3.520000000000000018e+00 2.169999999999999929e+00 1.899999999999999953e-02 7.163999999999999535e-02 1.000000000000000056e-01 2.300000000000000100e-01 5.900000000000000000e+01
4.000000000000000083e-02 1.600000000000000033e-01 9.130000000000000782e+00 2.029999999999999805e+00 5.152000000000000313e+01 3.907000000000000028e+01 2.879999999999999893e+00 4.459999999999999964e+00 1.200000000000000025e-02 2.609600000000000253e-01 2.700000000000000178e-01 3.400000000000000244e-01 5.000000000000000000e+01
5.000000000000000278e-02 2.399999999999999911e-01 8.880000000000000782e+00 2.810000000000000053e+00 6.184000000000000341e+01 7.456000000000000227e+01 7.800000000000000266e-01 5.059999999999999609e+00 1.499999999999999944e-02 2.580799999999999761e-01 2.700000000000000178e-01 3.499999999999999778e-01 5.400000000000000000e+01
2.000000000000000042e-02 1.499999999999999944e-01 6.160000000000000142e+00 6.259999999999999787e+00 4.488000000000000256e+01 3.340999999999999659e+01 7.580000000000000071e+00 6.490000000000000213e+00 1.400000000000000029e-02 2.528999999999999998e-02 4.000000000000000083e-02 1.400000000000000133e-01 4.900000000000000000e+01
4.000000000000000083e-02 1.000000000000000056e-01 7.059999999999999609e+00 2.950000000000000178e+00 6.479999999999999716e+01 5.068999999999999773e+01 9.470000000000000639e+00 6.599999999999999645e+00 2.000000000000000042e-02 2.471500000000000086e-01 2.600000000000000089e-01 3.499999999999999778e-01 5.900000000000000000e+01
2.000000000000000042e-02 1.300000000000000044e-01 1.340000000000000080e+00 2.350000000000000089e+00 7.954000000000000625e+01 7.806000000000000227e+01 6.700000000000000400e-01 3.049999999999999822e+00 1.899999999999999953e-02 2.474800000000000055e-01 2.600000000000000089e-01 3.900000000000000133e-01 5.200000000000000000e+01
2.999999999999999889e-02 2.899999999999999800e-01 8.580000000000000071e+00 8.839999999999999858e+00 1.247000000000000064e+01 6.942000000000000171e+01 7.349999999999999645e+00 2.290000000000000036e+00 2.299999999999999961e-02 8.119999999999999440e-02 8.999999999999999667e-02 1.199999999999999956e-01 5.400000000000000000e+01
2.999999999999999889e-02 2.800000000000000266e-01 4.500000000000000000e+00 8.910000000000000142e+00 5.782000000000000028e+01 4.721999999999999886e+01 3.359999999999999876e+00 3.220000000000000195e+00 1.099999999999999936e-02 2.954399999999999804e-01 2.999999999999999889e-01 3.800000000000000044e-01 4.700000000000000000e+01
1.000000000000000021e-02 8.000000000000000167e-02 6.259999999999999787e+00 4.669999999999999929e+00 6.990999999999999659e+01 3.774000000000000199e+01 4.000000000000000000e+00 2.100000000000000089e+00 1.499999999999999944e-02 1.633699999999999875e-01 1.799999999999999933e-01 2.800000000000000266e-01 4.600000000000000000e+01
5.000000000000000278e-02 4.000000000000000083e-02 5.469999999999999751e+00 9.259999999999999787e+00 6.820000000000000284e+01 6.165999999999999659e+01 2.689999999999999947e+00 4.969999999999999751e+00 2.299999999999999961e-02 2.251400000000000068e-01 2.399999999999999911e-01 3.400000000000000244e-01 6.300000000000000000e+01
2.999999999999999889e-02 4.400000000000000022e-01 1.820000000000000062e+00 9.980000000000000426e+00 8.980000000000000426e+00 2.723999999999999844e+01 7.099999999999999645e+00 4.780000000000000249e+00 2.100000000000000130e-02 3.289999999999999869e-02 5.999999999999999778e-02 1.499999999999999944e-01 7.800000000000000000e+01
4.000000000000000083e-02 2.500000000000000000e-01 7.719999999999999751e+00 9.679999999999999716e+00 7.245999999999999375e+01 5.478999999999999915e+01 5.999999999999999778e-02 4.230000000000000426e+00 1.799999999999999864e-02 2.300699999999999967e-01 2.399999999999999911e-01 3.400000000000000244e-01 5.600000000000000000e+01
4.000000000000000083e-02 4.400000000000000022e-01 7.349999999999999645e+00 8.779999999999999361e+00 4.524000000000000199e+01 4.025000000000000000e+01 9.919999999999999929e+00 3.410000000000000142e+00 1.700000000000000122e-02 7.834000000000000685e-02 8.999999999999999667e-02 1.700000000000000122e-01 5.800000000000000000e+01
5.000000000000000278e-02 1.300000000000000044e-01 4.849999999999999645e+00 7.839999999999999858e+00 3.642999999999999972e+01 7.801999999999999602e+01 8.810000000000000497e+00 6.110000000000000320e+00 1.400000000000000029e-02 2.986500000000000266e-01 2.999999999999999889e-01 3.599999999999999867e-01 5.600000000000000000e+01
1.000000000000000021e-02 2.099999999999999922e-01 6.429999999999999716e+00 8.449999999999999289e+00 4.989000000000000057e+01 3.198000000000000043e+01 9.750000000000000000e+00 6.769999999999999574e+00 1.700000000000000122e-02 5.161999999999999922e-02 7.000000000000000666e-02 1.700000000000000122e-01 4.500000000000000000e+01
1.000000000000000021e-02 4.899999999999999911e-01 2.939999999999999947e+00 6.339999999999999858e+00 7.809999999999999432e+01 5.003999999999999915e+01 4.370000000000000107e+00 6.799999999999999822e+00 1.600000000000000033e-02 5.870000000000000218e-02 8.000000000000000167e-02 2.200000000000000011e-01 4.600000000000000000e+01
1.000000000000000021e-02 4.600000000000000200e-01 7.800000000000000266e-01 2.890000000000000124e+00 2.751000000000000156e+01 6.318999999999999773e+01 2.370000000000000107e+00 4.589999999999999858e+00 1.799999999999999864e-02 2.654400000000000093e-01 2.800000000000000266e-01 3.900000000000000133e-01 5.000000000000000000e+01
2.999999999999999889e-02 7.000000000000000666e-02 3.100000000000000089e+00 6.089999999999999858e+00 4.335999999999999943e+01 7.195999999999999375e+01 4.169999999999999929e+00 4.790000000000000036e+00 1.899999999999999953e-02 2.154800000000000049e-01 2.300000000000000100e-01 2.899999999999999800e-01 6.100000000000000000e+01
2.000000000000000042e-02 3.400000000000000244e-01 2.640000000000000124e+00 7.849999999999999645e+00 3.656000000000000227e+01 7.004000000000000625e+01 7.519999999999999574e+00 5.089999999999999858e+00 2.199999999999999872e-02 1.136400000000000049e-01 1.300000000000000044e-01 2.000000000000000111e-01 7.700000000000000000e+01
4.000000000000000083e-02 4.799999999999999822e-01 1.070000000000000062e+00 2.529999999999999805e+00 1.823999999999999844e+01 7.698000000000000398e+01 4.519999999999999574e+00 2.410000000000000142e+00 1.899999999999999953e-02 2.571100000000000052e-01 2.700000000000000178e-01 3.599999999999999867e-01 6.300000000000000000e+01
2.000000000000000042e-02 1.300000000000000044e-01 8.380000000000000782e+00 2.620000000000000107e+00 7.609000000000000341e+01 4.352000000000000313e+01 1.350000000000000089e+00 2.299999999999999822e+00 2.199999999999999872e-02 2.184599999999999875e-01 2.399999999999999911e-01 3.499999999999999778e-01 5.500000000000000000e+01
2.000000000000000042e-02 4.199999999999999845e-01 6.400000000000000355e+00 3.850000000000000089e+00 4.993999999999999773e+01 2.882999999999999829e+01 5.860000000000000320e+00 4.459999999999999964e+00 2.100000000000000130e-02 2.205999999999999905e-01 2.300000000000000100e-01 3.099999999999999978e-01 5.700000000000000000e+01
2.000000000000000042e-02 2.800000000000000266e-01 1.040000000000000036e+00 5.019999999999999574e+00 4.854999999999999716e+01 3.849000000000000199e+01 3.990000000000000213e+00 4.860000000000000320e+00 1.899999999999999953e-02 2.749000000000000055e-02 5.999999999999999778e-02 2.099999999999999922e-01 5.300000000000000000e+01
1.000000000000000021e-02 2.500000000000000000e-01 4.250000000000000000e+00 3.200000000000000178e+00 7.956999999999999318e+01 3.890999999999999659e+01 1.810000000000000053e+00 2.640000000000000124e+00 2.400000000000000050e-02 2.561599999999999988e-01 2.800000000000000266e-01 3.900000000000000133e-01 4.300000000000000000e+01
2.999999999999999889e-02 2.899999999999999800e-01 6.990000000000000213e+00 4.400000000000000355e+00 1.189000000000000057e+01 7.934999999999999432e+01 3.620000000000000107e+00 4.160000000000000142e+00 2.299999999999999961e-02 4.379999999999999866e-02 5.999999999999999778e-02 8.999999999999999667e-02 5.200000000000000000e+01
2.999999999999999889e-02 2.899999999999999800e-01 3.339999999999999858e+00 9.619999999999999218e+00 1.440000000000000036e+01 3.012000000000000099e+01 9.019999999999999574e+00 4.929999999999999716e+00 2.299999999999999961e-02 1.478599999999999914e-01 1.600000000000000033e-01 1.900000000000000022e-01 1.300000000000000000e+02
4.000000000000000083e-02 2.999999999999999889e-02 1.449999999999999956e+00 6.650000000000000355e+00 6.965999999999999659e+01 5.229999999999999716e+01 1.790000000000000036e+00 6.000000000000000000e+00 2.100000000000000130e-02 1.161399999999999932e-01 1.400000000000000133e-01 2.700000000000000178e-01 5.900000000000000000e+01
2.000000000000000042e-02 3.900000000000000133e-01 1.669999999999999929e+00 2.470000000000000195e+00 7.829000000000000625e+01 6.601999999999999602e+01 1.840000000000000080e+00 4.339999999999999858e+00 1.899999999999999953e-02 2.376000000000000056e-01 2.600000000000000089e-01 3.699999999999999956e-01 5.300000000000000000e+01
1.000000000000000021e-02 2.800000000000000266e-01 8.339999999999999858e+00 6.849999999999999645e+00 6.765999999999999659e+01 6.479999999999999716e+01 2.919999999999999929e+00 5.700000000000000178e+00 2.199999999999999872e-02 1.218500000000000000e-01 1.400000000000000133e-01 2.600000000000000089e-01 4.300000000000000000e+01
1.000000000000000021e-02 3.400000000000000244e-01 9.429999999999999716e+00 8.880000000000000782e+00 3.842000000000000171e+01 6.170000000000000284e+01 7.530000000000000249e+00 6.190000000000000391e+00 1.099999999999999936e-02 2.106399999999999939e-01 2.200000000000000011e-01 2.800000000000000266e-01 4.600000000000000000e+01
4.000000000000000083e-02 1.000000000000000021e-02 7.099999999999999645e-01 5.110000000000000320e+00 1.399000000000000021e+01 2.935999999999999943e+01 1.060000000000000053e+00 4.879999999999999893e+00 1.899999999999999953e-02 2.184899999999999898e-01 2.300000000000000100e-01 3.400000000000000244e-01 5.900000000000000000e+01
1.000000000000000021e-02 2.700000000000000178e-01 8.449999999999999289e+00 3.220000000000000195e+00 2.448999999999999844e+01 6.465999999999999659e+01 5.660000000000000142e+00 4.809999999999999609e+00 1.499999999999999944e-02 2.870599999999999818e-01 2.899999999999999800e-01 3.200000000000000067e-01 8.600000000000000000e+01
2.999999999999999889e-02 1.600000000000000033e-01 7.889999999999999680e+00 4.790000000000000036e+00 8.060000000000000497e+00 3.247999999999999687e+01 1.989999999999999991e+00 6.780000000000000249e+00 2.199999999999999872e-02 5.063000000000000139e-02 5.999999999999999778e-02 8.999999999999999667e-02 5.600000000000000000e+01
2.999999999999999889e-02 2.500000000000000000e-01 6.120000000000000107e+00 5.480000000000000426e+00 6.047999999999999687e+01 2.962999999999999901e+01 4.330000000000000071e+00 5.080000000000000071e+00 1.400000000000000029e-02 4.159000000000000197e-02 5.999999999999999778e-02 1.700000000000000122e-01 4.900000000000000000e+01
4.000000000000000083e-02 2.300000000000000100e-01 7.870000000000000107e+00 2.049999999999999822e+00 9.339999999999999858e+00 2.821999999999999886e+01 8.169999999999999929e+00 5.360000000000000320e+00 2.000000000000000042e-02 1.701000000000000012e-01 1.700000000000000122e-01 1.900000000000000022e-01 5.800000000000000000e+01
4.000000000000000083e-02 4.699999999999999734e-01 4.360000000000000320e+00 9.929999999999999716e+00 6.115999999999999659e+01 5.238000000000000256e+01 1.129999999999999893e+00 3.799999999999999822e+00 2.100000000000000130e-02 2.874200000000000088e-01 2.999999999999999889e-01 3.800000000000000044e-01 6.100000000000000000e+01
2.000000000000000042e-02 2.000000000000000111e-01 5.940000000000000391e+00 8.039999999999999147e+00 6.150000000000000000e+01 6.397999999999999687e+01 7.200000000000000178e+00 3.479999999999999982e+00 2.100000000000000130e-02 1.291999999999999919e-02 4.000000000000000083e-02 1.700000000000000122e-01 5.400000000000000000e+01
2.000000000000000042e-02 2.800000000000000266e-01 3.490000000000000213e+00 2.169999999999999929e+00 5.496000000000000085e+01 3.271000000000000085e+01 3.359999999999999876e+00 4.559999999999999609e+00 1.499999999999999944e-02 2.664000000000000257e-01 2.800000000000000266e-01 3.499999999999999778e-01 5.000000000000000000e+01
1.000000000000000021e-02 2.500000000000000000e-01 9.509999999999999787e+00 9.689999999999999503e+00 2.462999999999999901e+01 7.867000000000000171e+01 7.790000000000000036e+00 4.320000000000000284e+00 2.299999999999999961e-02 2.525999999999999912e-01 2.600000000000000089e-01 3.099999999999999978e-01 4.600000000000000000e+01
2.000000000000000042e-02 4.899999999999999911e-01 1.830000000000000071e+00 8.859999999999999432e+00 7.704000000000000625e+01 3.878000000000000114e+01 4.959999999999999964e+00 5.440000000000000391e+00 1.299999999999999940e-02 7.117999999999999328e-02 8.999999999999999667e-02 2.200000000000000011e-01 4.700000000000000000e+01
4.000000000000000083e-02 2.999999999999999889e-01 1.860000000000000098e+00 9.560000000000000497e+00 5.653000000000000114e+01 6.701999999999999602e+01 3.370000000000000107e+00 4.400000000000000355e+00 1.400000000000000029e-02 1.658000000000000099e-02 4.000000000000000083e-02 1.700000000000000122e-01 5.200000000000000000e+01
2.999999999999999889e-02 4.299999999999999933e-01 4.870000000000000107e+00 5.080000000000000071e+00 3.110999999999999943e+01 6.439000000000000057e+01 1.760000000000000009e+00 3.350000000000000089e+00 1.200000000000000025e-02 2.273100000000000120e-01 2.300000000000000100e-01 2.800000000000000266e-01 5.300000000000000000e+01
2.000000000000000042e-02 4.099999999999999756e-01 5.299999999999999822e+00 6.879999999999999893e+00 6.111999999999999744e+01 7.220000000000000284e+01 7.889999999999999680e+00 3.640000000000000124e+00 1.700000000000000122e-02 8.800000000000000313e-04 2.999999999999999889e-02 1.600000000000000033e-01 4.800000000000000000e+01
4.000000000000000083e-02 1.700000000000000122e-01 7.389999999999999680e+00 6.830000000000000071e+00 5.350999999999999801e+01 7.795999999999999375e+01 9.460000000000000853e+00 5.940000000000000391e+00 1.799999999999999864e-02 2.194200000000000039e-01 2.300000000000000100e-01 2.999999999999999889e-01 5.900000000000000000e+01
2.000000000000000042e-02 4.199999999999999845e-01 5.500000000000000444e-01 5.500000000000000000e+00 7.839000000000000057e+01 2.878000000000000114e+01 4.000000000000000000e+00 6.740000000000000213e+00 1.899999999999999953e-02 1.428500000000000048e-01 1.600000000000000033e-01 2.999999999999999889e-01 5.100000000000000000e+01
4.000000000000000083e-02 3.599999999999999867e-01 5.959999999999999964e+00 6.940000000000000391e+00 7.979999999999999716e+01 5.518999999999999773e+01 8.269999999999999574e+00 2.700000000000000178e+00 1.899999999999999953e-02 1.124099999999999960e-01 1.300000000000000044e-01 2.500000000000000000e-01 5.500000000000000000e+01
5.000000000000000278e-02 1.799999999999999933e-01 5.360000000000000320e+00 8.529999999999999361e+00 6.662000000000000455e+01 4.139000000000000057e+01 3.140000000000000124e+00 6.690000000000000391e+00 1.799999999999999864e-02 3.651999999999999691e-02 5.999999999999999778e-02 1.799999999999999933e-01 5.600000000000000000e+01
5.000000000000000278e-02 4.899999999999999911e-01 2.149999999999999911e+00 3.640000000000000124e+00 6.726000000000000512e+01 3.906000000000000227e+01 1.290000000000000036e+00 6.700000000000000178e+00 2.299999999999999961e-02 1.473200000000000065e-01 1.700000000000000122e-01 2.800000000000000266e-01 6.500000000000000000e+01
2.999999999999999889e-02 4.400000000000000022e-01 9.130000000000000782e+00 9.759999999999999787e+00 5.290999999999999659e+01 4.584000000000000341e+01 1.110000000000000098e+00 2.930000000000000160e+00 1.499999999999999944e-02 7.560999999999999666e-02 8.999999999999999667e-02 1.799999999999999933e-01 5.200000000000000000e+01
4.000000000000000083e-02 5.000000000000000278e-02 9.779999999999999361e+00 3.859999999999999876e+00 3.117999999999999972e+01 6.011999999999999744e+01 6.459999999999999964e+00 2.129999999999999893e+00 1.700000000000000122e-02 2.993600000000000150e-01 2.999999999999999889e-01 3.499999999999999778e-01 6.400000000000000000e+01
4.000000000000000083e-02 2.999999999999999889e-01 9.130000000000000782e+00 6.870000000000000107e+00 7.442000000000000171e+01 7.917000000000000171e+01 6.480000000000000426e+00 3.830000000000000071e+00 1.299999999999999940e-02 1.826200000000000045e-01 2.000000000000000111e-01 2.899999999999999800e-01 4.900000000000000000e+01
2.999999999999999889e-02 2.899999999999999800e-01 3.589999999999999858e+00 9.460000000000000853e+00 1.753999999999999915e+01 5.811999999999999744e+01 1.729999999999999982e+00 5.860000000000000320e+00 2.400000000000000050e-02 2.316799999999999971e-01 2.399999999999999911e-01 2.700000000000000178e-01 5.200000000000000000e+01
2.999999999999999889e-02 7.000000000000000666e-02 7.370000000000000107e+00 2.589999999999999858e+00 5.080000000000000071e+00 3.545000000000000284e+01 3.970000000000000195e+00 2.959999999999999964e+00 2.299999999999999961e-02 1.801000000000000170e-02 2.999999999999999889e-02 5.000000000000000278e-02 1.160000000000000000e+02
2.000000000000000042e-02 2.000000000000000042e-02 3.370000000000000107e+00 2.600000000000000089e+00 5.114000000000000057e+01 4.718999999999999773e+01 9.830000000000000071e+00 2.569999999999999840e+00 1.200000000000000025e-02 2.554000000000000159e-01 2.600000000000000089e-01 3.300000000000000155e-01 4.700000000000000000e+01
1.000000000000000021e-02 2.300000000000000100e-01 4.490000000000000213e+00 2.020000000000000018e+00 6.759999999999999432e+01 5.492999999999999972e+01 2.509999999999999787e+00 6.179999999999999716e+00 1.099999999999999936e-02 1.526099999999999957e-01 1.600000000000000033e-01 2.600000000000000089e-01 4.200000000000000000e+01
1.000000000000000021e-02 4.400000000000000022e-01 7.230000000000000426e+00 7.080000000000000071e+00 4.725000000000000000e+01 5.918999999999999773e+01 2.640000000000000124e+00 6.120000000000000107e+00 1.899999999999999953e-02 7.857999999999999707e-02 1.000000000000000056e-01 1.900000000000000022e-01 4.300000000000000000e+01
4.000000000000000083e-02 1.000000000000000056e-01 7.600000000000000089e-01 6.320000000000000284e+00 5.378000000000000114e+01 7.254999999999999716e+01 2.160000000000000142e+00 6.990000000000000213e+00 1.299999999999999940e-02 9.105000000000000593e-02 1.100000000000000006e-01 2.399999999999999911e-01 4.900000000000000000e+01
5.000000000000000278e-02 2.300000000000000100e-01 1.209999999999999964e+00 6.650000000000000355e+00 6.418000000000000682e+01 3.089999999999999858e+01 5.259999999999999787e+00 3.390000000000000124e+00 1.299999999999999940e-02 2.477800000000000002e-01 2.600000000000000089e-01 3.599999999999999867e-01 5.200000000000000000e+01
1.000000000000000021e-02 1.199999999999999956e-01 6.660000000000000142e+00 8.660000000000000142e+00 1.508999999999999986e+01 5.427000000000000313e+01 7.990000000000000213e+00 2.370000000000000107e+00 2.299999999999999961e-02 1.327299999999999869e-01 1.400000000000000133e-01 1.799999999999999933e-01 4.800000000000000000e+01
2.999999999999999889e-02 7.000000000000000666e-02 1.620000000000000107e+00 9.099999999999999645e+00 1.821999999999999886e+01 7.426999999999999602e+01 8.759999999999999787e+00 4.259999999999999787e+00 2.100000000000000130e-02 2.830599999999999783e-01 2.999999999999999889e-01 3.699999999999999956e-01 7.300000000000000000e+01
2.999999999999999889e-02 1.400000000000000133e-01 2.080000000000000071e+00 2.270000000000000018e+00 7.610000000000000320e+00 4.285000000000000142e+01 2.390000000000000124e+00 6.019999999999999574e+00 1.099999999999999936e-02 1.416499999999999981e-01 1.499999999999999944e-01 2.000000000000000111e-01 7.000000000000000000e+01
4.000000000000000083e-02 2.000000000000000042e-02 5.280000000000000249e+00 4.940000000000000391e+00 1.900000000000000000e+01 5.450999999999999801e+01 7.639999999999999680e+00 4.639999999999999680e+00 1.700000000000000122e-02 1.271799999999999875e-01 1.400000000000000133e-01 1.700000000000000122e-01 5.100000000000000000e+01
2.000000000000000042e-02 2.000000000000000042e-02 5.370000000000000107e+00 2.589999999999999858e+00 5.140999999999999659e+01 3.279999999999999716e+01 7.610000000000000320e+00 3.640000000000000124e+00 1.799999999999999864e-02 6.289999999999999758e-02 8.000000000000000167e-02 1.799999999999999933e-01 5.400000000000000000e+01
1.000000000000000021e-02 2.099999999999999922e-01 3.419999999999999929e+00 7.209999999999999964e+00 2.792000000000000171e+01 3.080999999999999872e+01 4.339999999999999858e+00 5.919999999999999929e+00 1.299999999999999940e-02 1.810299999999999965e-01 1.900000000000000022e-01 2.300000000000000100e-01 4.900000000000000000e+01
2.000000000000000042e-02 7.000000000000000666e-02 7.490000000000000213e+00 8.720000000000000639e+00 8.015999999999999659e+01 6.229999999999999716e+01 8.509999999999999787e+00 4.190000000000000391e+00 2.000000000000000042e-02 2.366499999999999992e-01 2.500000000000000000e-01 3.599999999999999867e-01 5.300000000000000000e+01
4.000000000000000083e-02 2.099999999999999922e-01 7.790000000000000036e+00 4.070000000000000284e+00 6.307000000000000028e+01 3.693999999999999773e+01 5.990000000000000213e+00 6.379999999999999893e+00 1.600000000000000033e-02 7.992000000000000492e-02 1.000000000000000056e-01 2.000000000000000111e-01 5.400000000000000000e+01
1.000000000000000021e-02 7.000000000000000666e-02 7.879999999999999893e+00 5.269999999999999574e+00 5.274000000000000199e+01 6.515999999999999659e+01 8.039999999999999147e+00 2.819999999999999840e+00 1.299999999999999940e-02 5.695000000000000062e-02 7.000000000000000666e-02 1.700000000000000122e-01 4.500000000000000000e+01
1.000000000000000021e-02 3.599999999999999867e-01 9.949999999999999289e+00 5.870000000000000107e+00 4.368999999999999773e+01 6.839000000000000057e+01 6.419999999999999929e+00 4.080000000000000071e+00 1.400000000000000029e-02 6.156999999999999973e-02 8.000000000000000167e-02 1.600000000000000033e-01 4.700000000000000000e+01
2.000000000000000042e-02 4.600000000000000200e-01 2.879999999999999893e+00 9.050000000000000711e+00 7.459000000000000341e+01 4.545000000000000284e+01 1.760000000000000009e+00 2.830000000000000071e+00 1.200000000000000025e-02 2.183499999999999885e-01 2.300000000000000100e-01 3.300000000000000155e-01 4.500000000000000000e+01
4.000000000000000083e-02 1.000000000000000021e-02 7.589999999999999858e+00 8.300000000000000711e+00 3.506000000000000227e+01 6.506000000000000227e+01 7.259999999999999787e+00 3.029999999999999805e+00 2.100000000000000130e-02 2.089600000000000068e-01 2.200000000000000011e-01 2.700000000000000178e-01 6.800000000000000000e+01
1.000000000000000021e-02 4.299999999999999933e-01 2.490000000000000213e+00 9.000000000000000000e+00 1.102999999999999936e+01 5.415999999999999659e+01 2.390000000000000124e+00 5.820000000000000284e+00 1.400000000000000029e-02 1.775200000000000111e-01 1.799999999999999933e-01 2.200000000000000011e-01 1.310000000000000000e+02
2.000000000000000042e-02 2.399999999999999911e-01 2.899999999999999911e+00 7.820000000000000284e+00 8.279000000000000625e+01 3.693999999999999773e+01 2.310000000000000053e+00 3.740000000000000213e+00 2.199999999999999872e-02 5.927999999999999936e-02 8.999999999999999667e-02 2.300000000000000100e-01 5.400000000000000000e+01
1.000000000000000021e-02 3.099999999999999978e-01 6.570000000000000284e+00 8.650000000000000355e+00 4.207999999999999829e+01 4.543999999999999773e+01 7.290000000000000036e+00 6.070000000000000284e+00 2.000000000000000042e-02 2.507400000000000184e-01 2.600000000000000089e-01 3.300000000000000155e-01 4.500000000000000000e+01
2.000000000000000042e-02 1.000000000000000056e-01 4.570000000000000284e+00 8.099999999999999645e+00 8.869999999999999218e+00 4.993999999999999773e+01 2.800000000000000266e-01 6.150000000000000355e+00 2.199999999999999872e-02 2.170799999999999952e-01 2.200000000000000011e-01 2.399999999999999911e-01 5.600000000000000000e+01
4.000000000000000083e-02 1.400000000000000133e-01 6.849999999999999645e+00 6.339999999999999858e+00 7.690000000000000391e+00 4.775000000000000000e+01 5.870000000000000107e+00 5.549999999999999822e+00 1.700000000000000122e-02 1.322699999999999987e-01 1.400000000000000133e-01 1.499999999999999944e-01 5.600000000000000000e+01
4.000000000000000083e-02 1.000000000000000021e-02 2.410000000000000142e+00 6.570000000000000284e+00 8.349999999999999645e+00 4.743999999999999773e+01 2.660000000000000142e+00 2.970000000000000195e+00 1.200000000000000025e-02 2.693300000000000138e-01 2.700000000000000178e-01 3.099999999999999978e-01 9.100000000000000000e+01
1.000000000000000021e-02 1.400000000000000133e-01 5.910000000000000142e+00 2.209999999999999964e+00 6.271999999999999886e+01 7.279999999999999716e+01 5.660000000000000142e+00 2.810000000000000053e+00 2.199999999999999872e-02 2.421500000000000041e-01 2.600000000000000089e-01 3.300000000000000155e-01 7.400000000000000000e+01
1.000000000000000021e-02 3.200000000000000067e-01 9.189999999999999503e+00 9.080000000000000071e+00 4.542000000000000171e+01 4.292000000000000171e+01 4.519999999999999574e+00 5.099999999999999645e+00 1.700000000000000122e-02 1.331499999999999906e-01 1.499999999999999944e-01 2.000000000000000111e-01 8.100000000000000000e+01
4.000000000000000083e-02 7.000000000000000666e-02 8.640000000000000568e+00 4.620000000000000107e+00 7.612000000000000455e+01 4.321000000000000085e+01 3.640000000000000124e+00 2.120000000000000107e+00 1.200000000000000025e-02 2.402999999999999928e-02 4.000000000000000083e-02 1.799999999999999933e-01 4.700000000000000000e+01
2.000000000000000042e-02 1.199999999999999956e-01 2.759999999999999787e+00 7.879999999999999893e+00 4.496999999999999886e+01 3.910999999999999943e+01 7.650000000000000355e+00 6.299999999999999822e+00 2.100000000000000130e-02 1.612099999999999922e-01 1.799999999999999933e-01 2.500000000000000000e-01 4.600000000000000000e+01
2.000000000000000042e-02 4.799999999999999822e-01 5.820000000000000284e+00 2.549999999999999822e+00 5.560000000000000142e+01 6.523999999999999488e+01 8.500000000000000000e+00 6.299999999999999822e+00 2.400000000000000050e-02 3.801000000000000212e-02 7.000000000000000666e-02 1.799999999999999933e-01 5.900000000000000000e+01
1.000000000000000021e-02 4.799999999999999822e-01 7.910000000000000142e+00 4.450000000000000178e+00 3.116000000000000014e+01 7.829000000000000625e+01 7.580000000000000071e+00 4.969999999999999751e+00 1.200000000000000025e-02 1.831500000000000072e-01 1.900000000000000022e-01 2.399999999999999911e-01 4.800000000000000000e+01
2.999999999999999889e-02 4.799999999999999822e-01 3.689999999999999947e+00 5.980000000000000426e+00 8.006000000000000227e+01 3.589000000000000057e+01 9.619999999999999218e+00 4.549999999999999822e+00 1.099999999999999936e-02 1.392899999999999971e-01 1.499999999999999944e-01 2.600000000000000089e-01 4.600000000000000000e+01
4.000000000000000083e-02 4.799999999999999822e-01 7.800000000000000266e-01 2.439999999999999947e+00 6.612999999999999545e+01 7.309000000000000341e+01 5.889999999999999680e+00 5.570000000000000284e+00 1.099999999999999936e-02 1.645899999999999863e-01 1.799999999999999933e-01 2.899999999999999800e-01 4.700000000000000000e+01
2.000000000000000042e-02 3.699999999999999956e-01 1.810000000000000053e+00 7.530000000000000249e+00 5.584000000000000341e+01 4.953000000000000114e+01 1.040000000000000036e+00 3.740000000000000213e+00 2.000000000000000042e-02 9.565999999999999504e-02 1.199999999999999956e-01 2.300000000000000100e-01 5.800000000000000000e+01
5.000000000000000278e-02 1.400000000000000133e-01 9.630000000000000782e+00 6.809999999999999609e+00 1.826000000000000156e+01 4.681000000000000227e+01 1.800000000000000044e+00 6.549999999999999822e+00 1.799999999999999864e-02 1.045100000000000057e-01 1.100000000000000006e-01 1.499999999999999944e-01 5.200000000000000000e+01
2.999999999999999889e-02 2.700000000000000178e-01 6.900000000000000355e+00 3.520000000000000018e+00 4.675999999999999801e+01 4.260999999999999943e+01 9.200000000000000400e-01 2.160000000000000142e+00 1.400000000000000029e-02 2.321600000000000052e-01 2.399999999999999911e-01 3.099999999999999978e-01 5.200000000000000000e+01
2.999999999999999889e-02 3.099999999999999978e-01 2.229999999999999982e+00 3.060000000000000053e+00 3.804999999999999716e+01 7.506999999999999318e+01 9.060000000000000497e+00 2.640000000000000124e+00 2.400000000000000050e-02 2.193400000000000072e-01 2.399999999999999911e-01 3.200000000000000067e-01 7.500000000000000000e+01
1.000000000000000021e-02 1.300000000000000044e-01 5.320000000000000284e+00 4.549999999999999822e+00 3.518999999999999773e+01 7.662999999999999545e+01 7.610000000000000320e+00 5.250000000000000000e+00 1.200000000000000025e-02 1.419300000000000006e-01 1.499999999999999944e-01 2.099999999999999922e-01 4.700000000000000000e+01
4.000000000000000083e-02 1.499999999999999944e-01 2.970000000000000195e+00 5.480000000000000426e+00 2.058999999999999986e+01 4.917999999999999972e+01 6.549999999999999822e+00 2.500000000000000000e+00 2.299999999999999961e-02 2.762299999999999756e-01 2.899999999999999800e-01 3.300000000000000155e-01 1.240000000000000000e+02
2.000000000000000042e-02 3.200000000000000067e-01 7.160000000000000142e+00 5.990000000000000213e+00 3.100000000000000000e+01 3.239999999999999858e+01 1.850000000000000089e+00 4.910000000000000142e+00 1.299999999999999940e-02 2.238499999999999934e-01 2.300000000000000100e-01 2.800000000000000266e-01 5.200000000000000000e+01
5.000000000000000278e-02 4.400000000000000022e-01 6.999999999999999556e-01 9.820000000000000284e+00 2.698000000000000043e+01 5.332000000000000028e+01 6.379999999999999893e+00 3.520000000000000018e+00 1.400000000000000029e-02 1.190800000000000053e-01 1.400000000000000133e-01 2.500000000000000000e-01 5.300000000000000000e+01
1.000000000000000021e-02 1.700000000000000122e-01 6.320000000000000284e+00 7.879999999999999893e+00 5.317999999999999972e+01 5.177000000000000313e+01 5.559999999999999609e+00 5.620000000000000107e+00 1.600000000000000033e-02 2.372299999999999964e-01 2.500000000000000000e-01 3.300000000000000155e-01 4.700000000000000000e+01
2.000000000000000042e-02 2.899999999999999800e-01 1.959999999999999964e+00 8.220000000000000639e+00 9.070000000000000284e+00 4.777000000000000313e+01 2.629999999999999893e+00 2.000000000000000000e+00 1.799999999999999864e-02 2.182499999999999996e-01 2.300000000000000100e-01 2.899999999999999800e-01 7.800000000000000000e+01
4.000000000000000083e-02 2.899999999999999800e-01 4.049999999999999822e+00 8.839999999999999858e+00 1.575999999999999979e+01 7.467000000000000171e+01 1.429999999999999938e+00 4.019999999999999574e+00 1.200000000000000025e-02 6.343999999999999639e-02 7.000000000000000666e-02 1.100000000000000006e-01 6.000000000000000000e+01
2.000000000000000042e-02 2.899999999999999800e-01 2.500000000000000000e-01 9.060000000000000497e+00 7.954999999999999716e+01 6.367000000000000171e+01 8.320000000000000284e+00 2.350000000000000089e+00 2.000000000000000042e-02 1.969799999999999884e-01 2.200000000000000011e-01 3.499999999999999778e-01 5.100000000000000000e+01
