1.000000000000000021e-02 2.300000000000000100e-01 8.220000000000000639e+00 7.429999999999999716e+00 5.678000000000000114e+01 3.324000000000000199e+01 4.059999999999999609e+00 6.900000000000000355e+00 1.700000000000000122e-02 8.901000000000000578e-02 1.100000000000000006e-01 2.099999999999999922e-01 4.800000000000000000e+01
4.000000000000000083e-02 4.600000000000000200e-01 1.419999999999999929e+00 5.200000000000000178e+00 8.165000000000000568e+01 4.042000000000000171e+01 5.889999999999999680e+00 2.439999999999999947e+00 2.000000000000000042e-02 2.028500000000000025e-01 2.200000000000000011e-01 3.400000000000000244e-01 5.700000000000000000e+01
1.000000000000000021e-02 2.399999999999999911e-01 4.870000000000000107e+00 8.949999999999999289e+00 7.643000000000000682e+01 7.912000000000000455e+01 6.500000000000000222e-01 3.740000000000000213e+00 1.299999999999999940e-02 1.692899999999999960e-01 1.799999999999999933e-01 2.899999999999999800e-01 4.400000000000000000e+01
2.000000000000000042e-02 2.999999999999999889e-02 3.990000000000000213e+00 8.900000000000000355e+00 6.382999999999999829e+01 3.684000000000000341e+01 9.320000000000000284e+00 2.200000000000000178e+00 2.400000000000000050e-02 1.924899999999999944e-01 2.099999999999999922e-01 3.099999999999999978e-01 5.900000000000000000e+01
1.000000000000000021e-02 1.600000000000000033e-01 8.919999999999999929e+00 5.379999999999999893e+00 6.960999999999999943e+01 3.434000000000000341e+01 3.680000000000000160e+00 3.029999999999999805e+00 2.299999999999999961e-02 1.479499999999999982e-01 1.700000000000000122e-01 2.800000000000000266e-01 4.300000000000000000e+01
2.999999999999999889e-02 1.000000000000000056e-01 5.370000000000000107e+00 5.330000000000000071e+00 6.110000000000000320e+00 4.928999999999999915e+01 9.519999999999999574e+00 5.019999999999999574e+00 1.200000000000000025e-02 2.527900000000000147e-01 2.500000000000000000e-01 2.700000000000000178e-01 5.200000000000000000e+01
4.000000000000000083e-02 4.199999999999999845e-01 3.069999999999999840e+00 4.879999999999999893e+00 4.407999999999999829e+01 3.918999999999999773e+01 5.589999999999999858e+00 4.450000000000000178e+00 2.299999999999999961e-02 5.709999999999999798e-02 8.000000000000000167e-02 1.700000000000000122e-01 6.600000000000000000e+01
2.999999999999999889e-02 1.199999999999999956e-01 3.850000000000000089e+00 7.019999999999999574e+00 1.964000000000000057e+01 4.421999999999999886e+01 2.540000000000000036e+00 2.580000000000000071e+00 1.700000000000000122e-02 2.802600000000000091e-01 2.800000000000000266e-01 3.200000000000000067e-01 5.200000000000000000e+01
2.000000000000000042e-02 4.500000000000000111e-01 2.259999999999999787e+00 3.350000000000000089e+00 5.240999999999999659e+01 6.643000000000000682e+01 3.200000000000000178e+00 2.439999999999999947e+00 1.899999999999999953e-02 2.616399999999999837e-01 2.800000000000000266e-01 3.599999999999999867e-01 6.000000000000000000e+01
5.000000000000000278e-02 2.899999999999999800e-01 9.849999999999999645e+00 6.860000000000000320e+00 5.768999999999999773e+01 2.633999999999999986e+01 6.929999999999999716e+00 6.639999999999999680e+00 2.299999999999999961e-02 1.743399999999999950e-01 1.900000000000000022e-01 2.800000000000000266e-01 6.500000000000000000e+01
1.000000000000000021e-02 5.999999999999999778e-02 7.839999999999999858e+00 8.070000000000000284e+00 5.611999999999999744e+01 7.617000000000000171e+01 5.190000000000000391e+00 5.309999999999999609e+00 2.000000000000000042e-02 1.857699999999999907e-01 2.000000000000000111e-01 2.899999999999999800e-01 4.400000000000000000e+01
1.000000000000000021e-02 1.900000000000000022e-01 2.169999999999999929e+00 4.139999999999999680e+00 7.326000000000000512e+01 4.135000000000000142e+01 6.879999999999999893e+00 2.870000000000000107e+00 1.299999999999999940e-02 1.936299999999999966e-01 2.099999999999999922e-01 3.099999999999999978e-01 4.600000000000000000e+01
2.000000000000000042e-02 1.900000000000000022e-01 8.689999999999999503e+00 6.089999999999999858e+00 2.155999999999999872e+01 2.732000000000000028e+01 7.299999999999999822e-01 2.490000000000000213e+00 1.400000000000000029e-02 2.133899999999999963e-01 2.200000000000000011e-01 2.600000000000000089e-01 5.700000000000000000e+01
1.000000000000000021e-02 4.600000000000000200e-01 9.089999999999999858e+00 6.509999999999999787e+00 2.608999999999999986e+01 4.299000000000000199e+01 3.560000000000000053e+00 5.750000000000000000e+00 1.499999999999999944e-02 2.008500000000000008e-01 2.099999999999999922e-01 2.500000000000000000e-01 4.500000000000000000e+01
2.999999999999999889e-02 4.899999999999999911e-01 6.700000000000000178e+00 9.710000000000000853e+00 2.094999999999999929e+01 3.222999999999999687e+01 9.939999999999999503e+00 4.240000000000000213e+00 2.000000000000000042e-02 2.534699999999999731e-01 2.600000000000000089e-01 2.899999999999999800e-01 5.000000000000000000e+01
2.999999999999999889e-02 2.099999999999999922e-01 7.780000000000000249e+00 2.770000000000000018e+00 2.664000000000000057e+01 3.007999999999999829e+01 7.919999999999999929e+00 6.769999999999999574e+00 2.100000000000000130e-02 7.739000000000000046e-02 8.999999999999999667e-02 1.499999999999999944e-01 4.900000000000000000e+01
2.999999999999999889e-02 3.699999999999999956e-01 9.740000000000000213e+00 6.309999999999999609e+00 1.998000000000000043e+01 3.445000000000000284e+01 8.750000000000000000e+00 2.200000000000000178e+00 1.799999999999999864e-02 1.271299999999999930e-01 1.400000000000000133e-01 1.700000000000000122e-01 4.900000000000000000e+01
2.000000000000000042e-02 4.299999999999999933e-01 7.360000000000000320e+00 7.419999999999999929e+00 5.593999999999999773e+01 6.512999999999999545e+01 8.699999999999999956e-01 2.839999999999999858e+00 1.400000000000000029e-02 2.531900000000000261e-01 2.600000000000000089e-01 3.400000000000000244e-01 4.900000000000000000e+01
4.000000000000000083e-02 1.400000000000000133e-01 6.429999999999999716e+00 4.209999999999999964e+00 3.552000000000000313e+01 6.954000000000000625e+01 4.540000000000000036e+00 5.679999999999999716e+00 1.499999999999999944e-02 2.506999999999999784e-01 2.600000000000000089e-01 3.099999999999999978e-01 5.800000000000000000e+01
2.999999999999999889e-02 2.300000000000000100e-01 2.060000000000000053e+00 3.709999999999999964e+00 2.532999999999999829e+01 5.321000000000000085e+01 7.709999999999999964e+00 5.250000000000000000e+00 1.200000000000000025e-02 5.716999999999999860e-02 7.000000000000000666e-02 1.499999999999999944e-01 6.000000000000000000e+01
5.000000000000000278e-02 1.199999999999999956e-01 3.000000000000000000e+00 7.570000000000000284e+00 1.019999999999999929e+01 4.875000000000000000e+01 5.599999999999999645e+00 6.759999999999999787e+00 1.200000000000000025e-02 2.377499999999999891e-01 2.399999999999999911e-01 2.700000000000000178e-01 1.250000000000000000e+02
2.000000000000000042e-02 2.000000000000000111e-01 7.480000000000000426e+00 2.529999999999999805e+00 1.175000000000000000e+01 3.996999999999999886e+01 8.369999999999999218e+00 4.679999999999999716e+00 2.199999999999999872e-02 1.958699999999999886e-01 2.000000000000000111e-01 2.300000000000000100e-01 5.300000000000000000e+01
1.000000000000000021e-02 1.000000000000000056e-01 2.799999999999999822e+00 4.690000000000000391e+00 6.848999999999999488e+01 4.603999999999999915e+01 2.620000000000000107e+00 3.310000000000000053e+00 2.299999999999999961e-02 1.868200000000000138e-01 2.099999999999999922e-01 3.099999999999999978e-01 4.400000000000000000e+01
2.000000000000000042e-02 1.600000000000000033e-01 1.370000000000000107e+00 7.769999999999999574e+00 8.326000000000000512e+01 4.128000000000000114e+01 7.759999999999999787e+00 2.109999999999999876e+00 1.899999999999999953e-02 2.798599999999999977e-01 2.999999999999999889e-01 4.199999999999999845e-01 5.100000000000000000e+01
2.000000000000000042e-02 8.999999999999999667e-02 8.679999999999999716e+00 3.359999999999999876e+00 4.600000000000000000e+01 5.156000000000000227e+01 5.200000000000000178e-01 3.419999999999999929e+00 2.000000000000000042e-02 1.965899999999999870e-01 2.099999999999999922e-01 2.800000000000000266e-01 4.700000000000000000e+01
4.000000000000000083e-02 3.900000000000000133e-01 2.399999999999999911e+00 8.419999999999999929e+00 5.874000000000000199e+01 3.988000000000000256e+01 8.519999999999999574e+00 5.660000000000000142e+00 1.400000000000000029e-02 2.265800000000000036e-01 2.399999999999999911e-01 3.200000000000000067e-01 5.300000000000000000e+01
1.000000000000000021e-02 4.099999999999999756e-01 8.869999999999999218e+00 2.069999999999999840e+00 8.151999999999999602e+01 7.598000000000000398e+01 4.929999999999999716e+00 3.129999999999999893e+00 1.299999999999999940e-02 1.843500000000000139e-01 2.000000000000000111e-01 3.099999999999999978e-01 4.400000000000000000e+01
4.000000000000000083e-02 5.000000000000000278e-02 3.350000000000000089e+00 8.380000000000000782e+00 7.309000000000000341e+01 5.271000000000000085e+01 6.469999999999999751e+00 4.750000000000000000e+00 1.899999999999999953e-02 2.778300000000000214e-01 2.899999999999999800e-01 3.900000000000000133e-01 5.600000000000000000e+01
2.000000000000000042e-02 3.099999999999999978e-01 1.129999999999999893e+00 7.450000000000000178e+00 7.621999999999999886e+01 2.650000000000000000e+01 2.999999999999999889e-01 6.610000000000000320e+00 1.700000000000000122e-02 2.767600000000000060e-01 2.899999999999999800e-01 4.099999999999999756e-01 5.000000000000000000e+01
1.000000000000000021e-02 1.100000000000000006e-01 3.970000000000000195e+00 9.439999999999999503e+00 3.311999999999999744e+01 6.929999999999999716e+01 4.190000000000000391e+00 2.220000000000000195e+00 1.799999999999999864e-02 2.458100000000000007e-01 2.500000000000000000e-01 3.099999999999999978e-01 4.400000000000000000e+01
1.000000000000000021e-02 4.400000000000000022e-01 6.700000000000000400e-01 6.469999999999999751e+00 2.551000000000000156e+01 3.579999999999999716e+01 5.259999999999999787e+00 4.049999999999999822e+00 2.000000000000000042e-02 1.705500000000000071e-01 1.900000000000000022e-01 3.099999999999999978e-01 4.300000000000000000e+01
2.999999999999999889e-02 3.699999999999999956e-01 7.059999999999999609e+00 4.509999999999999787e+00 6.692000000000000171e+01 4.868999999999999773e+01 2.169999999999999929e+00 5.549999999999999822e+00 2.000000000000000042e-02 2.574899999999999967e-01 2.700000000000000178e-01 3.599999999999999867e-01 5.700000000000000000e+01
4.000000000000000083e-02 4.799999999999999822e-01 2.979999999999999982e+00 7.790000000000000036e+00 1.803999999999999915e+01 7.725000000000000000e+01 9.289999999999999147e+00 3.669999999999999929e+00 2.100000000000000130e-02 2.526499999999999857e-01 2.600000000000000089e-01 3.099999999999999978e-01 1.250000000000000000e+02
4.000000000000000083e-02 2.800000000000000266e-01 8.669999999999999929e+00 4.450000000000000178e+00 4.234000000000000341e+01 6.104999999999999716e+01 8.609999999999999432e+00 6.169999999999999929e+00 1.899999999999999953e-02 5.279999999999999971e-02 7.000000000000000666e-02 1.499999999999999944e-01 6.100000000000000000e+01
5.000000000000000278e-02 4.000000000000000222e-01 6.089999999999999858e+00 5.639999999999999680e+00 4.670000000000000284e+01 2.973000000000000043e+01 1.780000000000000027e+00 2.350000000000000089e+00 1.799999999999999864e-02 2.039300000000000002e-01 2.200000000000000011e-01 2.800000000000000266e-01 6.200000000000000000e+01
1.000000000000000021e-02 2.399999999999999911e-01 3.589999999999999858e+00 2.169999999999999929e+00 7.904999999999999716e+01 4.247999999999999687e+01 9.490000000000000213e+00 4.080000000000000071e+00 1.700000000000000122e-02 2.151899999999999924e-01 2.300000000000000100e-01 3.400000000000000244e-01 4.700000000000000000e+01
2.999999999999999889e-02 4.899999999999999911e-01 2.339999999999999858e+00 9.050000000000000711e+00 1.044999999999999929e+01 5.396000000000000085e+01 8.800000000000000711e+00 5.480000000000000426e+00 1.899999999999999953e-02 2.420499999999999874e-01 2.500000000000000000e-01 3.099999999999999978e-01 9.700000000000000000e+01
2.999999999999999889e-02 2.800000000000000266e-01 5.980000000000000426e+00 4.309999999999999609e+00 8.143000000000000682e+01 4.874000000000000199e+01 7.940000000000000391e+00 6.719999999999999751e+00 1.400000000000000029e-02 6.469999999999999363e-02 8.000000000000000167e-02 2.200000000000000011e-01 4.800000000000000000e+01
4.000000000000000083e-02 3.800000000000000044e-01 9.949999999999999289e+00 8.730000000000000426e+00 7.269999999999999574e+00 4.332000000000000028e+01 3.959999999999999964e+00 4.360000000000000320e+00 1.799999999999999864e-02 2.152799999999999991e-01 2.200000000000000011e-01 2.300000000000000100e-01 5.900000000000000000e+01
2.000000000000000042e-02 2.500000000000000000e-01 1.360000000000000098e+00 9.599999999999999645e+00 4.438000000000000256e+01 7.692000000000000171e+01 2.620000000000000107e+00 6.690000000000000391e+00 1.799999999999999864e-02 1.857699999999999907e-01 2.000000000000000111e-01 3.099999999999999978e-01 5.600000000000000000e+01
2.999999999999999889e-02 2.700000000000000178e-01 7.559999999999999609e+00 7.610000000000000320e+00 4.460999999999999943e+01 6.204999999999999716e+01 7.030000000000000249e+00 4.429999999999999716e+00 1.600000000000000033e-02 3.180999999999999800e-02 5.000000000000000278e-02 1.400000000000000133e-01 5.400000000000000000e+01
5.000000000000000278e-02 3.900000000000000133e-01 3.950000000000000178e+00 4.519999999999999574e+00 2.173999999999999844e+01 4.103999999999999915e+01 7.669999999999999929e+00 2.520000000000000018e+00 2.199999999999999872e-02 2.409100000000000130e-01 2.500000000000000000e-01 2.800000000000000266e-01 8.300000000000000000e+01
2.000000000000000042e-02 3.599999999999999867e-01 1.899999999999999911e+00 3.770000000000000018e+00 6.177000000000000313e+01 6.578000000000000114e+01 4.019999999999999574e+00 2.200000000000000178e+00 2.199999999999999872e-02 2.125100000000000044e-01 2.300000000000000100e-01 3.300000000000000155e-01 6.000000000000000000e+01
2.000000000000000042e-02 2.800000000000000266e-01 4.849999999999999645e+00 9.599999999999999645e+00 1.450999999999999979e+01 3.660000000000000142e+01 8.019999999999999574e+00 5.500000000000000000e+00 2.100000000000000130e-02 5.111999999999999877e-02 5.999999999999999778e-02 1.000000000000000056e-01 4.900000000000000000e+01
2.999999999999999889e-02 4.299999999999999933e-01 9.900000000000000355e+00 4.030000000000000249e+00 7.987000000000000455e+01 3.857999999999999829e+01 1.969999999999999973e+00 6.179999999999999716e+00 1.799999999999999864e-02 1.782100000000000073e-01 2.000000000000000111e-01 3.099999999999999978e-01 5.300000000000000000e+01
2.000000000000000042e-02 3.099999999999999978e-01 1.840000000000000080e+00 4.610000000000000320e+00 4.927000000000000313e+01 7.542000000000000171e+01 5.709999999999999964e+00 4.870000000000000107e+00 2.199999999999999872e-02 2.416000000000000092e-01 2.600000000000000089e-01 3.499999999999999778e-01 6.300000000000000000e+01
1.000000000000000021e-02 4.000000000000000083e-02 9.449999999999999289e+00 4.000000000000000000e+00 8.187999999999999545e+01 4.439999999999999858e+01 6.389999999999999680e+00 5.059999999999999609e+00 1.299999999999999940e-02 1.166000000000000023e-02 2.999999999999999889e-02 1.900000000000000022e-01 4.300000000000000000e+01
1.000000000000000021e-02 1.199999999999999956e-01 7.679999999999999716e+00 5.780000000000000249e+00 6.343999999999999773e+01 2.828999999999999915e+01 9.150000000000000355e+00 4.299999999999999822e+00 1.200000000000000025e-02 1.865499999999999936e-01 2.000000000000000111e-01 2.899999999999999800e-01 4.400000000000000000e+01
4.000000000000000083e-02 2.800000000000000266e-01 7.870000000000000107e+00 7.540000000000000036e+00 7.489000000000000057e+01 5.770000000000000284e+01 4.519999999999999574e+00 6.169999999999999929e+00 1.899999999999999953e-02 7.883999999999999342e-02 1.000000000000000056e-01 2.200000000000000011e-01 5.600000000000000000e+01
2.999999999999999889e-02 7.000000000000000666e-02 2.509999999999999787e+00 4.830000000000000071e+00 6.579999999999999716e+01 3.571999999999999886e+01 6.629999999999999893e+00 6.339999999999999858e+00 1.299999999999999940e-02 6.779999999999999569e-03 2.999999999999999889e-02 1.600000000000000033e-01 4.700000000000000000e+01
5.000000000000000278e-02 2.099999999999999922e-01 5.830000000000000071e+00 5.730000000000000426e+00 4.246999999999999886e+01 7.135999999999999943e+01 5.059999999999999609e+00 2.629999999999999893e+00 1.899999999999999953e-02 1.806500000000000050e-01 1.900000000000000022e-01 2.600000000000000089e-01 6.500000000000000000e+01
1.000000000000000021e-02 2.000000000000000042e-02 8.890000000000000568e+00 5.490000000000000213e+00 7.739000000000000057e+01 5.592000000000000171e+01 2.729999999999999982e+00 4.509999999999999787e+00 1.899999999999999953e-02 2.898499999999999965e-01 2.999999999999999889e-01 4.099999999999999756e-01 4.600000000000000000e+01
2.999999999999999889e-02 3.699999999999999956e-01 5.769999999999999574e+00 9.919999999999999929e+00 3.232999999999999829e+01 3.539000000000000057e+01 8.410000000000000142e+00 5.110000000000000320e+00 2.299999999999999961e-02 9.130000000000000615e-02 1.100000000000000006e-01 1.700000000000000122e-01 4.900000000000000000e+01
2.999999999999999889e-02 5.000000000000000278e-02 4.910000000000000142e+00 9.949999999999999289e+00 8.145000000000000284e+01 5.871999999999999886e+01 5.899999999999999689e-01 5.290000000000000036e+00 2.299999999999999961e-02 2.912000000000000005e-02 5.999999999999999778e-02 2.099999999999999922e-01 5.600000000000000000e+01
1.000000000000000021e-02 1.100000000000000006e-01 9.339999999999999858e+00 2.879999999999999893e+00 2.358999999999999986e+01 3.932999999999999829e+01 9.599999999999999645e+00 2.459999999999999964e+00 1.099999999999999936e-02 2.168100000000000027e-01 2.200000000000000011e-01 2.600000000000000089e-01 5.000000000000000000e+01
2.000000000000000042e-02 2.200000000000000011e-01 1.810000000000000053e+00 6.910000000000000142e+00 6.065999999999999659e+01 5.447999999999999687e+01 1.159999999999999920e+00 2.620000000000000107e+00 1.899999999999999953e-02 6.547000000000000042e-02 8.999999999999999667e-02 2.200000000000000011e-01 5.600000000000000000e+01
1.000000000000000021e-02 1.499999999999999944e-01 1.370000000000000107e+00 9.500000000000000000e+00 7.464000000000000057e+01 3.375999999999999801e+01 1.250000000000000000e+00 6.219999999999999751e+00 2.199999999999999872e-02 2.832100000000000173e-01 2.999999999999999889e-01 4.199999999999999845e-01 5.300000000000000000e+01
1.000000000000000021e-02 2.700000000000000178e-01 8.099999999999999645e+00 6.790000000000000036e+00 3.051999999999999957e+01 5.127000000000000313e+01 1.090000000000000080e+00 5.879999999999999893e+00 2.299999999999999961e-02 9.556000000000000605e-02 1.100000000000000006e-01 1.799999999999999933e-01 4.500000000000000000e+01
4.000000000000000083e-02 2.399999999999999911e-01 7.360000000000000320e+00 3.029999999999999805e+00 2.516000000000000014e+01 4.160000000000000142e+01 4.509999999999999787e+00 3.899999999999999911e+00 1.200000000000000025e-02 1.504999999999999949e-01 1.600000000000000033e-01 2.000000000000000111e-01 5.600000000000000000e+01
1.000000000000000021e-02 2.200000000000000011e-01 6.349999999999999645e+00 6.089999999999999858e+00 1.864999999999999858e+01 5.935000000000000142e+01 8.070000000000000284e+00 2.270000000000000018e+00 1.899999999999999953e-02 8.500000000000000611e-03 2.999999999999999889e-02 8.999999999999999667e-02 4.500000000000000000e+01
4.000000000000000083e-02 1.600000000000000033e-01 6.599999999999999645e+00 6.759999999999999787e+00 4.171000000000000085e+01 7.415999999999999659e+01 6.150000000000000355e+00 3.240000000000000213e+00 2.299999999999999961e-02 1.173099999999999976e-01 1.400000000000000133e-01 2.099999999999999922e-01 6.800000000000000000e+01
2.000000000000000042e-02 1.499999999999999944e-01 6.099999999999999867e-01 6.549999999999999822e+00 1.025999999999999979e+01 2.951999999999999957e+01 8.970000000000000639e+00 2.649999999999999911e+00 2.000000000000000042e-02 1.947599999999999887e-01 2.099999999999999922e-01 3.300000000000000155e-01 5.600000000000000000e+01
1.000000000000000021e-02 2.099999999999999922e-01 4.469999999999999751e+00 6.799999999999999822e+00 5.652000000000000313e+01 2.767999999999999972e+01 9.259999999999999787e+00 6.259999999999999787e+00 1.700000000000000122e-02 2.584199999999999831e-01 2.700000000000000178e-01 3.499999999999999778e-01 4.400000000000000000e+01
4.000000000000000083e-02 4.000000000000000083e-02 2.770000000000000018e+00 4.990000000000000213e+00 6.146000000000000085e+01 3.542000000000000171e+01 2.000000000000000111e-01 6.309999999999999609e+00 1.799999999999999864e-02 2.305300000000000127e-01 2.500000000000000000e-01 3.300000000000000155e-01 5.700000000000000000e+01
2.999999999999999889e-02 2.399999999999999911e-01 9.990000000000000213e+00 5.429999999999999716e+00 1.950000000000000000e+01 5.984000000000000341e+01 1.600000000000000089e+00 3.990000000000000213e+00 1.899999999999999953e-02 8.455000000000000016e-02 1.000000000000000056e-01 1.400000000000000133e-01 4.900000000000000000e+01
4.000000000000000083e-02 1.700000000000000122e-01 4.570000000000000284e+00 8.730000000000000426e+00 5.956000000000000227e+01 5.410000000000000142e+01 2.399999999999999911e+00 2.620000000000000107e+00 1.899999999999999953e-02 7.854999999999999483e-02 1.000000000000000056e-01 2.000000000000000111e-01 5.800000000000000000e+01
4.000000000000000083e-02 2.899999999999999800e-01 5.820000000000000284e+00 4.099999999999999645e+00 5.488000000000000256e+01 3.725999999999999801e+01 4.440000000000000391e+00 5.580000000000000071e+00 2.299999999999999961e-02 4.236000000000000182e-02 7.000000000000000666e-02 1.799999999999999933e-01 6.200000000000000000e+01
2.000000000000000042e-02 1.100000000000000006e-01 3.580000000000000071e+00 6.400000000000000355e+00 2.373000000000000043e+01 6.529000000000000625e+01 6.469999999999999751e+00 5.400000000000000355e+00 1.899999999999999953e-02 1.400399999999999978e-01 1.499999999999999944e-01 1.900000000000000022e-01 4.700000000000000000e+01
4.000000000000000083e-02 2.700000000000000178e-01 4.540000000000000036e+00 3.419999999999999929e+00 7.285999999999999943e+01 2.746999999999999886e+01 8.470000000000000639e+00 4.000000000000000000e+00 2.299999999999999961e-02 1.049599999999999977e-01 1.300000000000000044e-01 2.500000000000000000e-01 6.000000000000000000e+01
2.999999999999999889e-02 1.900000000000000022e-01 3.459999999999999964e+00 8.150000000000000355e+00 5.054999999999999716e+01 6.537000000000000455e+01 8.759999999999999787e+00 4.500000000000000000e+00 2.100000000000000130e-02 1.975000000000000019e-02 5.000000000000000278e-02 1.499999999999999944e-01 5.900000000000000000e+01
4.000000000000000083e-02 8.000000000000000167e-02 2.160000000000000142e+00 2.540000000000000036e+00 2.919999999999999929e+01 3.076000000000000156e+01 8.039999999999999147e+00 6.540000000000000036e+00 1.899999999999999953e-02 2.623099999999999876e-01 2.700000000000000178e-01 3.400000000000000244e-01 7.600000000000000000e+01
4.000000000000000083e-02 4.000000000000000083e-02 9.230000000000000426e+00 8.710000000000000853e+00 7.228000000000000114e+01 4.085999999999999943e+01 6.400000000000000133e-01 3.629999999999999893e+00 1.600000000000000033e-02 1.855900000000000050e-01 2.000000000000000111e-01 2.999999999999999889e-01 5.300000000000000000e+01
5.000000000000000278e-02 2.899999999999999800e-01 1.129999999999999893e+00 7.830000000000000071e+00 6.110000000000000142e+01 7.304999999999999716e+01 3.910000000000000142e+00 2.640000000000000124e+00 2.299999999999999961e-02 2.738300000000000178e-01 2.899999999999999800e-01 4.000000000000000222e-01 6.300000000000000000e+01
1.000000000000000021e-02 3.400000000000000244e-01 9.179999999999999716e+00 4.709999999999999964e+00 1.582000000000000028e+01 2.905000000000000071e+01 5.080000000000000071e+00 4.299999999999999822e+00 1.799999999999999864e-02 1.115000000000000019e-01 1.199999999999999956e-01 1.499999999999999944e-01 4.600000000000000000e+01
2.000000000000000042e-02 4.899999999999999911e-01 3.169999999999999929e+00 6.019999999999999574e+00 7.789000000000000057e+01 3.418999999999999773e+01 8.900000000000000355e+00 6.139999999999999680e+00 2.100000000000000130e-02 4.578000000000000125e-02 7.000000000000000666e-02 2.099999999999999922e-01 5.300000000000000000e+01
4.000000000000000083e-02 2.200000000000000011e-01 9.130000000000000782e+00 7.650000000000000355e+00 2.328000000000000114e+01 5.275999999999999801e+01 5.740000000000000213e+00 4.200000000000000178e+00 1.200000000000000025e-02 2.521999999999999797e-01 2.500000000000000000e-01 2.899999999999999800e-01 5.700000000000000000e+01
4.000000000000000083e-02 4.299999999999999933e-01 6.339999999999999858e+00 8.029999999999999361e+00 2.187000000000000099e+01 3.539000000000000057e+01 9.390000000000000568e+00 4.480000000000000426e+00 2.299999999999999961e-02 2.539600000000000191e-01 2.600000000000000089e-01 2.999999999999999889e-01 5.300000000000000000e+01
5.000000000000000278e-02 2.099999999999999922e-01 1.409999999999999920e+00 6.530000000000000249e+00 4.961999999999999744e+01 7.928000000000000114e+01 8.800000000000000044e-01 2.729999999999999982e+00 1.600000000000000033e-02 2.641600000000000059e-01 2.800000000000000266e-01 3.699999999999999956e-01 5.700000000000000000e+01
1.000000000000000021e-02 4.600000000000000200e-01 6.709999999999999964e+00 6.400000000000000355e+00 2.708999999999999986e+01 5.568999999999999773e+01 8.710000000000000853e+00 3.810000000000000053e+00 1.700000000000000122e-02 2.997500000000000164e-01 3.099999999999999978e-01 3.499999999999999778e-01 4.500000000000000000e+01
1.000000000000000021e-02 2.000000000000000042e-02 2.330000000000000071e+00 6.160000000000000142e+00 4.814999999999999858e+01 5.667999999999999972e+01 7.589999999999999858e+00 2.620000000000000107e+00 2.199999999999999872e-02 1.281200000000000117e-01 1.499999999999999944e-01 2.399999999999999911e-01 6.400000000000000000e+01
2.999999999999999889e-02 3.200000000000000067e-01 8.369999999999999218e+00 2.240000000000000213e+00 2.921000000000000085e+01 6.459000000000000341e+01 6.049999999999999822e+00 6.469999999999999751e+00 1.499999999999999944e-02 6.297999999999999432e-02 8.000000000000000167e-02 1.400000000000000133e-01 5.700000000000000000e+01
2.999999999999999889e-02 1.199999999999999956e-01 8.550000000000000711e+00 2.330000000000000071e+00 6.007999999999999829e+01 7.020000000000000284e+01 5.830000000000000071e+00 5.820000000000000284e+00 1.400000000000000029e-02 3.343999999999999750e-02 5.000000000000000278e-02 1.700000000000000122e-01 4.900000000000000000e+01
2.999999999999999889e-02 4.500000000000000111e-01 1.239999999999999991e+00 8.509999999999999787e+00 4.140999999999999659e+01 7.504999999999999716e+01 5.000000000000000278e-02 6.459999999999999964e+00 1.600000000000000033e-02 6.872000000000000330e-02 8.999999999999999667e-02 2.099999999999999922e-01 5.400000000000000000e+01
1.000000000000000021e-02 3.900000000000000133e-01 7.509999999999999787e+00 9.699999999999999289e+00 4.318999999999999773e+01 5.995000000000000284e+01 4.570000000000000284e+00 6.139999999999999680e+00 1.799999999999999864e-02 1.408000000000000050e-02 4.000000000000000083e-02 1.400000000000000133e-01 4.400000000000000000e+01
4.000000000000000083e-02 4.600000000000000200e-01 6.889999999999999680e+00 4.700000000000000178e+00 6.195000000000000284e+01 3.607000000000000028e+01 2.259999999999999787e+00 4.049999999999999822e+00 2.000000000000000042e-02 2.430999999999999828e-02 5.000000000000000278e-02 1.700000000000000122e-01 5.800000000000000000e+01
4.000000000000000083e-02 5.000000000000000278e-02 5.879999999999999893e+00 4.780000000000000249e+00 5.189000000000000057e+01 4.965999999999999659e+01 5.459999999999999964e+00 5.620000000000000107e+00 1.700000000000000122e-02 2.295399999999999940e-01 2.399999999999999911e-01 3.099999999999999978e-01 5.700000000000000000e+01
2.999999999999999889e-02 4.000000000000000222e-01 2.529999999999999805e+00 2.509999999999999787e+00 7.248000000000000398e+01 2.842000000000000171e+01 1.639999999999999902e+00 4.280000000000000249e+00 2.100000000000000130e-02 1.914899999999999936e-01 2.099999999999999922e-01 3.099999999999999978e-01 5.800000000000000000e+01
4.000000000000000083e-02 4.600000000000000200e-01 2.459999999999999964e+00 6.410000000000000142e+00 7.106000000000000227e+01 6.049000000000000199e+01 9.210000000000000853e+00 3.100000000000000089e+00 2.000000000000000042e-02 2.358800000000000063e-01 2.500000000000000000e-01 3.499999999999999778e-01 5.900000000000000000e+01
2.999999999999999889e-02 1.600000000000000033e-01 9.089999999999999858e+00 9.150000000000000355e+00 2.976000000000000156e+01 6.965000000000000568e+01 9.869999999999999218e+00 3.450000000000000178e+00 1.400000000000000029e-02 4.594999999999999779e-02 5.999999999999999778e-02 1.199999999999999956e-01 5.500000000000000000e+01
5.000000000000000278e-02 5.999999999999999778e-02 1.560000000000000053e+00 2.689999999999999947e+00 5.769999999999999574e+00 5.221999999999999886e+01 2.999999999999999889e-02 4.740000000000000213e+00 1.200000000000000025e-02 3.246999999999999886e-02 5.000000000000000278e-02 1.400000000000000133e-01 6.200000000000000000e+01
4.000000000000000083e-02 1.000000000000000021e-02 9.100000000000000311e-01 2.850000000000000089e+00 1.253999999999999915e+01 5.556000000000000227e+01 5.269999999999999574e+00 4.910000000000000142e+00 2.299999999999999961e-02 2.479500000000000037e-01 2.600000000000000089e-01 3.699999999999999956e-01 6.600000000000000000e+01
4.000000000000000083e-02 1.900000000000000022e-01 1.699999999999999956e+00 9.759999999999999787e+00 6.157999999999999829e+01 6.664000000000000057e+01 6.580000000000000071e+00 4.839999999999999858e+00 1.899999999999999953e-02 3.774999999999999883e-02 7.000000000000000666e-02 2.000000000000000111e-01 5.800000000000000000e+01
1.000000000000000021e-02 1.000000000000000056e-01 4.709999999999999964e+00 7.589999999999999858e+00 6.946999999999999886e+01 5.618999999999999773e+01 9.039999999999999147e+00 3.950000000000000178e+00 1.400000000000000029e-02 6.890999999999999903e-02 8.999999999999999667e-02 2.099999999999999922e-01 4.500000000000000000e+01
1.000000000000000021e-02 1.199999999999999956e-01 7.839999999999999858e+00 6.370000000000000107e+00 5.788000000000000256e+01 6.185999999999999943e+01 3.200000000000000067e-01 3.529999999999999805e+00 1.499999999999999944e-02 1.431199999999999972e-01 1.600000000000000033e-01 2.500000000000000000e-01 4.700000000000000000e+01
2.999999999999999889e-02 2.600000000000000089e-01 5.809999999999999609e+00 3.549999999999999822e+00 3.528999999999999915e+01 3.575999999999999801e+01 5.849999999999999645e+00 4.469999999999999751e+00 2.000000000000000042e-02 2.373099999999999932e-01 2.500000000000000000e-01 2.999999999999999889e-01 4.800000000000000000e+01
5.000000000000000278e-02 2.999999999999999889e-01 3.669999999999999929e+00 4.860000000000000320e+00 1.363000000000000078e+01 6.331000000000000227e+01 4.950000000000000178e+00 6.169999999999999929e+00 1.400000000000000029e-02 2.195400000000000129e-01 2.200000000000000011e-01 2.500000000000000000e-01 7.200000000000000000e+01
5.000000000000000278e-02 2.999999999999999889e-02 3.379999999999999893e+00 7.379999999999999893e+00 1.962000000000000099e+01 2.542000000000000171e+01 1.739999999999999991e+00 3.430000000000000160e+00 1.099999999999999936e-02 1.020400000000000057e-01 1.100000000000000006e-01 1.499999999999999944e-01 5.700000000000000000e+01
5.000000000000000278e-02 2.399999999999999911e-01 1.320000000000000062e+00 6.370000000000000107e+00 5.770000000000000284e+01 6.562000000000000455e+01 2.410000000000000142e+00 6.150000000000000355e+00 1.400000000000000029e-02 2.595799999999999774e-01 2.700000000000000178e-01 3.699999999999999956e-01 5.300000000000000000e+01
4.000000000000000083e-02 2.000000000000000111e-01 3.299999999999999822e+00 8.099999999999999645e+00 3.098999999999999844e+01 5.646999999999999886e+01 5.860000000000000320e+00 4.309999999999999609e+00 1.200000000000000025e-02 1.756999999999999951e-01 1.799999999999999933e-01 2.300000000000000100e-01 5.500000000000000000e+01
1.000000000000000021e-02 2.300000000000000100e-01 6.759999999999999787e+00 5.320000000000000284e+00 1.506000000000000050e+01 2.557999999999999829e+01 8.460000000000000853e+00 6.000000000000000000e+00 2.299999999999999961e-02 1.850600000000000023e-01 1.900000000000000022e-01 2.300000000000000100e-01 4.900000000000000000e+01
4.000000000000000083e-02 5.000000000000000278e-02 5.750000000000000000e+00 7.330000000000000071e+00 5.884000000000000341e+01 7.118000000000000682e+01 2.029999999999999805e+00 6.799999999999999822e+00 1.899999999999999953e-02 2.758800000000000141e-01 2.899999999999999800e-01 3.699999999999999956e-01 5.900000000000000000e+01
2.000000000000000042e-02 1.900000000000000022e-01 7.110000000000000320e+00 9.119999999999999218e+00 2.214000000000000057e+01 3.504999999999999716e+01 1.270000000000000018e+00 2.299999999999999822e+00 2.000000000000000042e-02 2.793399999999999772e-01 2.800000000000000266e-01 3.200000000000000067e-01 4.800000000000000000e+01
4.000000000000000083e-02 2.999999999999999889e-02 4.870000000000000107e+00 5.219999999999999751e+00 2.196999999999999886e+01 7.821999999999999886e+01 7.589999999999999858e+00 6.650000000000000355e+00 2.199999999999999872e-02 1.254899999999999904e-01 1.400000000000000133e-01 1.799999999999999933e-01 5.200000000000000000e+01
1.000000000000000021e-02 7.000000000000000666e-02 9.250000000000000000e+00 7.400000000000000355e+00 7.860000000000000320e+00 3.902000000000000313e+01 2.540000000000000036e+00 2.959999999999999964e+00 1.299999999999999940e-02 1.250000000000000000e-01 1.300000000000000044e-01 1.499999999999999944e-01 4.600000000000000000e+01
4.000000000000000083e-02 2.399999999999999911e-01 4.089999999999999858e+00 5.150000000000000355e+00 5.795000000000000284e+01 7.745999999999999375e+01 8.279999999999999361e+00 6.049999999999999822e+00 2.400000000000000050e-02 1.612999999999999851e-02 5.000000000000000278e-02 1.700000000000000122e-01 6.200000000000000000e+01
2.000000000000000042e-02 4.600000000000000200e-01 4.240000000000000213e+00 5.330000000000000071e+00 1.085999999999999943e+01 6.506999999999999318e+01 3.910000000000000142e+00 2.520000000000000018e+00 2.199999999999999872e-02 4.461999999999999994e-02 5.999999999999999778e-02 8.999999999999999667e-02 5.100000000000000000e+01
2.999999999999999889e-02 2.200000000000000011e-01 1.790000000000000036e+00 9.230000000000000426e+00 6.437999999999999545e+01 7.718000000000000682e+01 5.070000000000000284e+00 2.279999999999999805e+00 1.200000000000000025e-02 6.201999999999999874e-02 8.000000000000000167e-02 2.000000000000000111e-01 4.900000000000000000e+01
2.000000000000000042e-02 1.199999999999999956e-01 2.890000000000000124e+00 2.540000000000000036e+00 3.007999999999999829e+01 2.850000000000000000e+01 4.000000000000000222e-01 6.000000000000000000e+00 2.000000000000000042e-02 1.176399999999999946e-01 1.300000000000000044e-01 1.900000000000000022e-01 1.120000000000000000e+02
5.000000000000000278e-02 2.300000000000000100e-01 7.690000000000000391e+00 8.210000000000000853e+00 4.039999999999999858e+01 3.540999999999999659e+01 9.060000000000000497e+00 5.500000000000000000e+00 1.400000000000000029e-02 2.749900000000000122e-01 2.800000000000000266e-01 3.400000000000000244e-01 5.600000000000000000e+01
1.000000000000000021e-02 5.999999999999999778e-02 7.839999999999999858e+00 9.230000000000000426e+00 3.107000000000000028e+01 3.986999999999999744e+01 6.169999999999999929e+00 4.490000000000000213e+00 1.799999999999999864e-02 2.902399999999999980e-01 2.999999999999999889e-01 3.499999999999999778e-01 4.400000000000000000e+01
5.000000000000000278e-02 3.200000000000000067e-01 2.830000000000000071e+00 2.600000000000000089e+00 3.625000000000000000e+01 6.750000000000000000e+01 1.530000000000000027e+00 4.719999999999999751e+00 1.600000000000000033e-02 2.131800000000000084e-01 2.200000000000000011e-01 2.700000000000000178e-01 6.300000000000000000e+01
2.999999999999999889e-02 3.900000000000000133e-01 9.800000000000000711e+00 6.190000000000000391e+00 6.451999999999999602e+01 7.959000000000000341e+01 3.229999999999999982e+00 4.200000000000000178e+00 2.199999999999999872e-02 1.025400000000000061e-01 1.300000000000000044e-01 2.300000000000000100e-01 5.900000000000000000e+01
2.999999999999999889e-02 3.400000000000000244e-01 6.049999999999999822e+00 7.610000000000000320e+00 4.200000000000000000e+01 3.507999999999999829e+01 4.139999999999999680e+00 5.690000000000000391e+00 1.600000000000000033e-02 5.580000000000000238e-02 7.000000000000000666e-02 1.499999999999999944e-01 5.500000000000000000e+01
2.999999999999999889e-02 8.000000000000000167e-02 8.000000000000000000e+00 4.269999999999999574e+00 2.737000000000000099e+01 6.392000000000000171e+01 1.260000000000000009e+00 3.850000000000000089e+00 2.400000000000000050e-02 1.296299999999999952e-01 1.499999999999999944e-01 2.000000000000000111e-01 5.000000000000000000e+01
1.000000000000000021e-02 1.400000000000000133e-01 2.930000000000000160e+00 8.210000000000000853e+00 6.330000000000000071e+00 6.984999999999999432e+01 7.679999999999999716e+00 3.660000000000000142e+00 1.400000000000000029e-02 1.559800000000000075e-01 1.600000000000000033e-01 2.099999999999999922e-01 1.200000000000000000e+02
4.000000000000000083e-02 2.999999999999999889e-01 4.940000000000000391e+00 6.650000000000000355e+00 2.066000000000000014e+01 6.673999999999999488e+01 9.730000000000000426e+00 5.570000000000000284e+00 2.000000000000000042e-02 2.987500000000000155e-01 2.999999999999999889e-01 3.400000000000000244e-01 5.100000000000000000e+01
5.000000000000000278e-02 2.600000000000000089e-01 9.039999999999999147e+00 9.849999999999999645e+00 4.017999999999999972e+01 4.067999999999999972e+01 9.130000000000000782e+00 3.799999999999999822e+00 1.600000000000000033e-02 1.992899999999999949e-01 2.099999999999999922e-01 2.700000000000000178e-01 6.000000000000000000e+01
5.000000000000000278e-02 3.300000000000000155e-01 1.689999999999999947e+00 9.150000000000000355e+00 5.467000000000000171e+01 7.740000000000000568e+01 3.200000000000000178e+00 6.759999999999999787e+00 1.600000000000000033e-02 1.170299999999999951e-01 1.400000000000000133e-01 2.399999999999999911e-01 5.800000000000000000e+01
2.999999999999999889e-02 4.199999999999999845e-01 3.490000000000000213e+00 6.639999999999999680e+00 4.660999999999999943e+01 6.556999999999999318e+01 9.699999999999999734e-01 3.950000000000000178e+00 1.600000000000000033e-02 8.580000000000000820e-03 2.999999999999999889e-02 1.400000000000000133e-01 5.200000000000000000e+01
2.000000000000000042e-02 4.600000000000000200e-01 5.040000000000000036e+00 8.449999999999999289e+00 3.465999999999999659e+01 5.789999999999999858e+01 1.100000000000000006e-01 6.530000000000000249e+00 2.000000000000000042e-02 1.364400000000000057e-01 1.499999999999999944e-01 2.099999999999999922e-01 4.600000000000000000e+01
4.000000000000000083e-02 2.500000000000000000e-01 6.690000000000000391e+00 2.839999999999999858e+00 6.809000000000000341e+01 4.099000000000000199e+01 9.759999999999999787e+00 6.320000000000000284e+00 1.299999999999999940e-02 3.500999999999999945e-02 5.000000000000000278e-02 1.700000000000000122e-01 4.900000000000000000e+01
1.000000000000000021e-02 7.000000000000000666e-02 3.919999999999999929e+00 7.219999999999999751e+00 1.951000000000000156e+01 5.888000000000000256e+01 2.959999999999999964e+00 5.910000000000000142e+00 2.000000000000000042e-02 2.892899999999999916e-01 2.899999999999999800e-01 3.300000000000000155e-01 4.700000000000000000e+01
4.000000000000000083e-02 4.000000000000000083e-02 5.370000000000000107e+00 9.369999999999999218e+00 3.822999999999999687e+01 6.035000000000000142e+01 4.459999999999999964e+00 5.360000000000000320e+00 2.400000000000000050e-02 2.483100000000000029e-01 2.600000000000000089e-01 3.200000000000000067e-01 7.200000000000000000e+01
1.000000000000000021e-02 3.499999999999999778e-01 9.320000000000000284e+00 9.820000000000000284e+00 2.894999999999999929e+01 2.700000000000000000e+01 8.720000000000000639e+00 3.089999999999999858e+00 1.400000000000000029e-02 1.603999999999999870e-01 1.700000000000000122e-01 2.200000000000000011e-01 4.500000000000000000e+01
2.999999999999999889e-02 3.599999999999999867e-01 3.839999999999999858e+00 6.450000000000000178e+00 1.426999999999999957e+01 4.714000000000000057e+01 1.020000000000000018e+00 3.259999999999999787e+00 2.299999999999999961e-02 1.764400000000000135e-01 1.799999999999999933e-01 2.099999999999999922e-01 5.400000000000000000e+01
4.000000000000000083e-02 2.600000000000000089e-01 8.039999999999999147e+00 3.330000000000000071e+00 8.382999999999999829e+01 7.053000000000000114e+01 2.040000000000000036e+00 4.339999999999999858e+00 1.299999999999999940e-02 9.532000000000000195e-02 1.100000000000000006e-01 2.300000000000000100e-01 4.800000000000000000e+01
2.999999999999999889e-02 1.900000000000000022e-01 6.990000000000000213e+00 8.740000000000000213e+00 4.786999999999999744e+01 2.901999999999999957e+01 2.609999999999999876e+00 6.769999999999999574e+00 1.799999999999999864e-02 2.872100000000000208e-01 2.999999999999999889e-01 3.599999999999999867e-01 5.800000000000000000e+01
2.000000000000000042e-02 2.500000000000000000e-01 7.290000000000000036e+00 4.929999999999999716e+00 6.964000000000000057e+01 3.595000000000000284e+01 7.290000000000000036e+00 3.540000000000000036e+00 2.100000000000000130e-02 1.433000000000000072e-02 5.000000000000000278e-02 1.900000000000000022e-01 5.300000000000000000e+01
1.000000000000000021e-02 2.200000000000000011e-01 6.570000000000000284e+00 4.740000000000000213e+00 1.136999999999999922e+01 7.090999999999999659e+01 2.370000000000000107e+00 5.330000000000000071e+00 2.100000000000000130e-02 4.635000000000000231e-02 5.999999999999999778e-02 8.999999999999999667e-02 4.800000000000000000e+01
2.000000000000000042e-02 1.799999999999999933e-01 6.669999999999999929e+00 4.849999999999999645e+00 3.877000000000000313e+01 5.621999999999999886e+01 4.070000000000000284e+00 2.560000000000000053e+00 1.799999999999999864e-02 1.090300000000000019e-01 1.199999999999999956e-01 1.900000000000000022e-01 4.600000000000000000e+01
2.000000000000000042e-02 2.600000000000000089e-01 4.209999999999999964e+00 4.910000000000000142e+00 5.607999999999999829e+01 4.878999999999999915e+01 4.500000000000000111e-01 2.799999999999999822e+00 1.600000000000000033e-02 1.586700000000000055e-01 1.700000000000000122e-01 2.600000000000000089e-01 5.100000000000000000e+01
4.000000000000000083e-02 2.700000000000000178e-01 6.799999999999999822e+00 8.449999999999999289e+00 4.879999999999999716e+01 7.556999999999999318e+01 9.230000000000000426e+00 2.609999999999999876e+00 1.400000000000000029e-02 2.716500000000000026e-01 2.800000000000000266e-01 3.499999999999999778e-01 5.300000000000000000e+01
1.000000000000000021e-02 2.399999999999999911e-01 5.899999999999999689e-01 9.830000000000000071e+00 5.959999999999999964e+00 4.410000000000000142e+01 2.049999999999999822e+00 3.939999999999999947e+00 2.000000000000000042e-02 2.571499999999999897e-01 2.700000000000000178e-01 3.900000000000000133e-01 4.300000000000000000e+01
4.000000000000000083e-02 4.299999999999999933e-01 5.969999999999999751e+00 9.390000000000000568e+00 6.509000000000000341e+01 6.025999999999999801e+01 9.699999999999999734e-01 3.729999999999999982e+00 2.100000000000000130e-02 6.464000000000000301e-02 8.999999999999999667e-02 2.000000000000000111e-01 5.900000000000000000e+01
2.999999999999999889e-02 2.300000000000000100e-01 5.759999999999999787e+00 9.699999999999999289e+00 6.052000000000000313e+01 6.095000000000000284e+01 6.750000000000000000e+00 6.870000000000000107e+00 2.000000000000000042e-02 2.701299999999999812e-01 2.800000000000000266e-01 3.599999999999999867e-01 5.800000000000000000e+01
5.000000000000000278e-02 1.700000000000000122e-01 3.000000000000000000e+00 9.259999999999999787e+00 1.374000000000000021e+01 4.289999999999999858e+01 3.129999999999999893e+00 4.719999999999999751e+00 1.600000000000000033e-02 9.021999999999999464e-02 1.000000000000000056e-01 1.499999999999999944e-01 1.260000000000000000e+02
2.999999999999999889e-02 2.600000000000000089e-01 8.900000000000000355e+00 2.279999999999999805e+00 7.375000000000000000e+01 4.621999999999999886e+01 1.199999999999999956e+00 5.500000000000000000e+00 2.199999999999999872e-02 2.822000000000000064e-01 2.999999999999999889e-01 4.000000000000000222e-01 5.800000000000000000e+01
2.999999999999999889e-02 4.299999999999999933e-01 4.280000000000000249e+00 9.660000000000000142e+00 2.880999999999999872e+01 4.415999999999999659e+01 9.300000000000000711e+00 4.179999999999999716e+00 1.899999999999999953e-02 1.945500000000000007e-01 2.000000000000000111e-01 2.500000000000000000e-01 4.900000000000000000e+01
2.999999999999999889e-02 2.300000000000000100e-01 5.540000000000000036e+00 5.450000000000000178e+00 4.968999999999999773e+01 2.951000000000000156e+01 8.599999999999999645e+00 4.530000000000000249e+00 1.700000000000000122e-02 2.916000000000000258e-01 2.999999999999999889e-01 3.699999999999999956e-01 5.600000000000000000e+01
2.000000000000000042e-02 1.900000000000000022e-01 4.309999999999999609e+00 3.279999999999999805e+00 2.873000000000000043e+01 4.897999999999999687e+01 9.769999999999999574e+00 2.390000000000000124e+00 1.899999999999999953e-02 1.535000000000000080e-02 2.999999999999999889e-02 1.100000000000000006e-01 4.600000000000000000e+01
2.999999999999999889e-02 3.300000000000000155e-01 6.899999999999999467e-01 4.790000000000000036e+00 7.817000000000000171e+01 2.575000000000000000e+01 2.120000000000000107e+00 3.120000000000000107e+00 1.200000000000000025e-02 7.947999999999999510e-02 1.000000000000000056e-01 2.399999999999999911e-01 4.600000000000000000e+01
1.000000000000000021e-02 8.000000000000000167e-02 7.599999999999999645e+00 3.689999999999999947e+00 5.125000000000000000e+01 5.220000000000000284e+01 3.669999999999999929e+00 5.889999999999999680e+00 1.899999999999999953e-02 4.078999999999999987e-02 5.999999999999999778e-02 1.700000000000000122e-01 4.300000000000000000e+01
2.000000000000000042e-02 2.099999999999999922e-01 6.500000000000000000e+00 2.430000000000000160e+00 6.175000000000000000e+01 5.614999999999999858e+01 5.780000000000000249e+00 4.269999999999999574e+00 1.600000000000000033e-02 1.836800000000000099e-01 2.000000000000000111e-01 2.899999999999999800e-01 5.100000000000000000e+01
5.000000000000000278e-02 4.199999999999999845e-01 3.629999999999999893e+00 9.589999999999999858e+00 2.728000000000000114e+01 5.532999999999999829e+01 8.679999999999999716e+00 3.080000000000000071e+00 2.199999999999999872e-02 1.446000000000000063e-01 1.600000000000000033e-01 2.000000000000000111e-01 7.700000000000000000e+01
5.000000000000000278e-02 4.699999999999999734e-01 2.450000000000000178e+00 4.620000000000000107e+00 8.264000000000000057e+01 7.215000000000000568e+01 3.000000000000000000e+00 6.919999999999999929e+00 1.200000000000000025e-02 2.181200000000000083e-01 2.300000000000000100e-01 3.300000000000000155e-01 4.900000000000000000e+01
2.000000000000000042e-02 2.099999999999999922e-01 2.310000000000000053e+00 5.070000000000000284e+00 3.525999999999999801e+01 6.206000000000000227e+01 7.780000000000000249e+00 4.799999999999999822e+00 1.600000000000000033e-02 1.201399999999999968e-01 1.400000000000000133e-01 2.099999999999999922e-01 6.200000000000000000e+01
1.000000000000000021e-02 8.999999999999999667e-02 5.860000000000000320e+00 6.889999999999999680e+00 4.490999999999999659e+01 7.173000000000000398e+01 8.490000000000000213e+00 5.490000000000000213e+00 1.600000000000000033e-02 1.065699999999999981e-01 1.199999999999999956e-01 2.000000000000000111e-01 4.400000000000000000e+01
4.000000000000000083e-02 2.399999999999999911e-01 6.740000000000000213e+00 2.759999999999999787e+00 5.585000000000000142e+01 5.757999999999999829e+01 2.629999999999999893e+00 2.799999999999999822e+00 2.400000000000000050e-02 7.747999999999999332e-02 1.000000000000000056e-01 2.000000000000000111e-01 6.400000000000000000e+01
2.999999999999999889e-02 4.099999999999999756e-01 3.799999999999999822e+00 9.519999999999999574e+00 7.726999999999999602e+01 6.837000000000000455e+01 9.039999999999999147e+00 2.040000000000000036e+00 1.700000000000000122e-02 2.374600000000000044e-01 2.500000000000000000e-01 3.499999999999999778e-01 5.200000000000000000e+01
4.000000000000000083e-02 4.000000000000000083e-02 4.330000000000000071e+00 7.719999999999999751e+00 7.670999999999999375e+01 3.277000000000000313e+01 4.250000000000000000e+00 5.589999999999999858e+00 2.000000000000000042e-02 9.418999999999999595e-02 1.199999999999999956e-01 2.399999999999999911e-01 5.700000000000000000e+01
2.999999999999999889e-02 4.000000000000000083e-02 6.809999999999999609e+00 6.769999999999999574e+00 1.103999999999999915e+01 6.406999999999999318e+01 1.400000000000000133e-01 3.270000000000000018e+00 1.400000000000000029e-02 1.498400000000000010e-01 1.499999999999999944e-01 1.799999999999999933e-01 5.000000000000000000e+01
2.999999999999999889e-02 4.600000000000000200e-01 3.819999999999999840e+00 8.349999999999999645e+00 6.576999999999999602e+01 7.562000000000000455e+01 5.769999999999999574e+00 5.269999999999999574e+00 2.000000000000000042e-02 1.913100000000000078e-01 2.099999999999999922e-01 2.999999999999999889e-01 5.600000000000000000e+01
2.000000000000000042e-02 4.000000000000000083e-02 8.839999999999999858e+00 9.380000000000000782e+00 4.253999999999999915e+01 2.851999999999999957e+01 4.240000000000000213e+00 2.649999999999999911e+00 2.199999999999999872e-02 3.210999999999999965e-02 5.999999999999999778e-02 1.499999999999999944e-01 4.600000000000000000e+01
2.999999999999999889e-02 3.699999999999999956e-01 8.599999999999999645e+00 8.740000000000000213e+00 7.534000000000000341e+01 7.717000000000000171e+01 4.879999999999999893e+00 4.009999999999999787e+00 1.200000000000000025e-02 2.691399999999999904e-01 2.800000000000000266e-01 3.699999999999999956e-01 4.700000000000000000e+01
5.000000000000000278e-02 4.699999999999999734e-01 6.110000000000000320e+00 3.259999999999999787e+00 6.382000000000000028e+01 3.785000000000000142e+01 2.099999999999999922e-01 3.919999999999999929e+00 1.200000000000000025e-02 1.839600000000000124e-01 1.900000000000000022e-01 2.800000000000000266e-01 5.000000000000000000e+01
2.999999999999999889e-02 2.800000000000000266e-01 4.299999999999999933e-01 5.389999999999999680e+00 5.021000000000000085e+01 3.839000000000000057e+01 1.729999999999999982e+00 3.419999999999999929e+00 2.000000000000000042e-02 2.844499999999999806e-01 2.999999999999999889e-01 4.199999999999999845e-01 5.400000000000000000e+01
5.000000000000000278e-02 2.800000000000000266e-01 4.589999999999999858e+00 3.890000000000000124e+00 3.607999999999999829e+01 6.079999999999999716e+01 4.549999999999999822e+00 5.179999999999999716e+00 1.700000000000000122e-02 1.097100000000000020e-01 1.199999999999999956e-01 1.799999999999999933e-01 6.300000000000000000e+01
2.999999999999999889e-02 4.199999999999999845e-01 8.669999999999999929e+00 2.830000000000000071e+00 4.309000000000000341e+01 2.544999999999999929e+01 1.799999999999999933e-01 3.439999999999999947e+00 2.199999999999999872e-02 3.697999999999999898e-02 5.999999999999999778e-02 1.499999999999999944e-01 6.200000000000000000e+01
4.000000000000000083e-02 3.400000000000000244e-01 3.140000000000000124e+00 6.910000000000000142e+00 7.976999999999999602e+01 7.268999999999999773e+01 6.450000000000000178e+00 4.639999999999999680e+00 2.400000000000000050e-02 1.038800000000000001e-01 1.300000000000000044e-01 2.600000000000000089e-01 6.000000000000000000e+01
5.000000000000000278e-02 3.099999999999999978e-01 7.490000000000000213e+00 6.339999999999999858e+00 2.801999999999999957e+01 5.799000000000000199e+01 4.940000000000000391e+00 3.479999999999999982e+00 1.600000000000000033e-02 4.401999999999999663e-02 5.999999999999999778e-02 1.199999999999999956e-01 6.300000000000000000e+01
1.000000000000000021e-02 4.199999999999999845e-01 3.740000000000000213e+00 3.970000000000000195e+00 5.514999999999999858e+01 5.445000000000000284e+01 2.850000000000000089e+00 2.279999999999999805e+00 1.700000000000000122e-02 1.656299999999999994e-01 1.799999999999999933e-01 2.700000000000000178e-01 4.600000000000000000e+01
5.000000000000000278e-02 8.000000000000000167e-02 1.520000000000000018e+00 9.759999999999999787e+00 1.158000000000000007e+01 4.020000000000000284e+01 5.280000000000000249e+00 6.379999999999999893e+00 2.199999999999999872e-02 2.548199999999999910e-01 2.700000000000000178e-01 3.400000000000000244e-01 7.900000000000000000e+01
2.000000000000000042e-02 1.900000000000000022e-01 8.050000000000000711e+00 2.879999999999999893e+00 6.360999999999999943e+01 5.510999999999999943e+01 8.199999999999999289e+00 3.359999999999999876e+00 2.000000000000000042e-02 2.666700000000000181e-01 2.800000000000000266e-01 3.699999999999999956e-01 5.500000000000000000e+01
2.000000000000000042e-02 2.000000000000000111e-01 1.939999999999999947e+00 7.110000000000000320e+00 7.829999999999999716e+01 7.785999999999999943e+01 1.850000000000000089e+00 5.429999999999999716e+00 1.600000000000000033e-02 1.495400000000000063e-01 1.700000000000000122e-01 2.899999999999999800e-01 5.000000000000000000e+01
1.000000000000000021e-02 5.000000000000000278e-02 8.919999999999999929e+00 7.709999999999999964e+00 6.529000000000000625e+01 4.561999999999999744e+01 5.139999999999999680e+00 6.629999999999999893e+00 1.700000000000000122e-02 2.223499999999999921e-01 2.399999999999999911e-01 3.300000000000000155e-01 4.800000000000000000e+01
5.000000000000000278e-02 2.000000000000000042e-02 2.800000000000000266e-01 9.199999999999999289e+00 7.009000000000000341e+01 3.415999999999999659e+01 5.999999999999999778e-02 3.000000000000000000e+00 2.000000000000000042e-02 1.259099999999999941e-01 1.499999999999999944e-01 2.899999999999999800e-01 5.100000000000000000e+01
4.000000000000000083e-02 3.300000000000000155e-01 6.610000000000000320e+00 5.459999999999999964e+00 3.035000000000000142e+01 7.728000000000000114e+01 5.950000000000000178e+00 5.750000000000000000e+00 1.099999999999999936e-02 2.836699999999999777e-01 2.899999999999999800e-01 3.300000000000000155e-01 5.300000000000000000e+01
2.999999999999999889e-02 2.999999999999999889e-01 3.430000000000000160e+00 8.060000000000000497e+00 6.495000000000000284e+01 3.509000000000000341e+01 9.500000000000000000e+00 4.700000000000000178e+00 2.199999999999999872e-02 1.159199999999999953e-01 1.400000000000000133e-01 2.399999999999999911e-01 5.900000000000000000e+01
5.000000000000000278e-02 3.400000000000000244e-01 3.250000000000000000e+00 6.740000000000000213e+00 7.570000000000000284e+00 4.896999999999999886e+01 7.600000000000000089e-01 2.970000000000000195e+00 2.299999999999999961e-02 1.216900000000000065e-01 1.300000000000000044e-01 1.700000000000000122e-01 1.420000000000000000e+02
4.000000000000000083e-02 2.999999999999999889e-02 8.480000000000000426e+00 9.449999999999999289e+00 3.207999999999999829e+01 3.107000000000000028e+01 7.179999999999999716e+00 6.400000000000000355e+00 1.899999999999999953e-02 1.347800000000000109e-01 1.499999999999999944e-01 2.000000000000000111e-01 6.700000000000000000e+01
2.999999999999999889e-02 3.599999999999999867e-01 9.029999999999999361e+00 6.900000000000000355e+00 5.292000000000000171e+01 3.032999999999999829e+01 8.099999999999999645e+00 4.650000000000000355e+00 1.400000000000000029e-02 7.155999999999999861e-02 8.999999999999999667e-02 1.499999999999999944e-01 7.300000000000000000e+01
1.000000000000000021e-02 4.500000000000000111e-01 1.040000000000000036e+00 4.910000000000000142e+00 3.418999999999999773e+01 6.606999999999999318e+01 3.410000000000000142e+00 2.450000000000000178e+00 1.299999999999999940e-02 4.166000000000000258e-02 5.999999999999999778e-02 2.000000000000000111e-01 4.700000000000000000e+01
2.999999999999999889e-02 3.400000000000000244e-01 9.899999999999999911e-01 7.019999999999999574e+00 2.239999999999999858e+01 5.728999999999999915e+01 3.720000000000000195e+00 6.139999999999999680e+00 2.400000000000000050e-02 2.375500000000000111e-01 2.600000000000000089e-01 3.599999999999999867e-01 6.500000000000000000e+01
2.999999999999999889e-02 8.999999999999999667e-02 3.979999999999999982e+00 7.030000000000000249e+00 4.907999999999999829e+01 5.847999999999999687e+01 9.089999999999999858e+00 6.629999999999999893e+00 1.799999999999999864e-02 1.168399999999999994e-01 1.300000000000000044e-01 2.099999999999999922e-01 5.700000000000000000e+01
2.000000000000000042e-02 3.900000000000000133e-01 9.410000000000000142e+00 6.809999999999999609e+00 5.179999999999999716e+01 3.039999999999999858e+01 9.179999999999999716e+00 3.870000000000000107e+00 1.799999999999999864e-02 5.417000000000000287e-02 7.000000000000000666e-02 1.700000000000000122e-01 5.400000000000000000e+01
2.000000000000000042e-02 8.000000000000000167e-02 6.759999999999999787e+00 9.820000000000000284e+00 1.962999999999999901e+01 3.639999999999999858e+01 5.709999999999999964e+00 3.660000000000000142e+00 1.799999999999999864e-02 8.215999999999999692e-02 8.999999999999999667e-02 1.400000000000000133e-01 4.700000000000000000e+01
2.000000000000000042e-02 8.000000000000000167e-02 6.230000000000000426e+00 7.450000000000000178e+00 7.045000000000000284e+01 3.954999999999999716e+01 5.000000000000000000e-01 2.549999999999999822e+00 1.200000000000000025e-02 4.009000000000000064e-02 5.999999999999999778e-02 1.799999999999999933e-01 4.500000000000000000e+01
2.000000000000000042e-02 2.399999999999999911e-01 4.099999999999999645e+00 9.019999999999999574e+00 6.071999999999999886e+01 2.667999999999999972e+01 7.900000000000000355e-01 4.540000000000000036e+00 1.899999999999999953e-02 2.346900000000000097e-01 2.500000000000000000e-01 3.300000000000000155e-01 5.400000000000000000e+01
4.000000000000000083e-02 3.900000000000000133e-01 8.519999999999999574e+00 5.190000000000000391e+00 5.692000000000000171e+01 6.979999999999999716e+01 1.520000000000000018e+00 4.870000000000000107e+00 2.000000000000000042e-02 2.105899999999999994e-01 2.300000000000000100e-01 3.099999999999999978e-01 6.000000000000000000e+01
1.000000000000000021e-02 4.199999999999999845e-01 7.980000000000000426e+00 8.410000000000000142e+00 2.476999999999999957e+01 4.810999999999999943e+01 2.240000000000000213e+00 3.220000000000000195e+00 2.000000000000000042e-02 2.234999999999999834e-02 4.000000000000000083e-02 1.100000000000000006e-01 4.500000000000000000e+01
2.000000000000000042e-02 8.999999999999999667e-02 8.599999999999999645e+00 9.539999999999999147e+00 3.571999999999999886e+01 4.867999999999999972e+01 2.270000000000000018e+00 6.400000000000000355e+00 1.299999999999999940e-02 1.743500000000000050e-01 1.799999999999999933e-01 2.399999999999999911e-01 5.000000000000000000e+01
1.000000000000000021e-02 2.999999999999999889e-02 9.599999999999999645e+00 8.050000000000000711e+00 7.770999999999999375e+01 7.275000000000000000e+01 8.509999999999999787e+00 6.860000000000000320e+00 2.100000000000000130e-02 4.513000000000000345e-02 7.000000000000000666e-02 2.200000000000000011e-01 5.000000000000000000e+01
4.000000000000000083e-02 1.000000000000000021e-02 5.080000000000000071e+00 6.080000000000000071e+00 7.676999999999999602e+01 2.817000000000000171e+01 6.469999999999999751e+00 4.900000000000000355e+00 1.899999999999999953e-02 2.286499999999999921e-01 2.399999999999999911e-01 3.499999999999999778e-01 5.600000000000000000e+01
2.000000000000000042e-02 2.999999999999999889e-01 2.399999999999999911e+00 5.049999999999999822e+00 2.994999999999999929e+01 6.865999999999999659e+01 9.289999999999999147e+00 3.160000000000000142e+00 1.400000000000000029e-02 2.351300000000000057e-01 2.399999999999999911e-01 2.999999999999999889e-01 6.300000000000000000e+01
1.000000000000000021e-02 4.099999999999999756e-01 8.240000000000000213e+00 8.179999999999999716e+00 1.148000000000000043e+01 3.334000000000000341e+01 2.359999999999999876e+00 3.129999999999999893e+00 2.199999999999999872e-02 7.940999999999999448e-02 8.999999999999999667e-02 1.199999999999999956e-01 4.900000000000000000e+01
4.000000000000000083e-02 2.000000000000000111e-01 4.190000000000000391e+00 6.629999999999999893e+00 5.356000000000000227e+01 6.150999999999999801e+01 1.250000000000000000e+00 2.020000000000000018e+00 1.299999999999999940e-02 1.580900000000000083e-01 1.700000000000000122e-01 2.500000000000000000e-01 5.100000000000000000e+01
2.999999999999999889e-02 2.300000000000000100e-01 3.310000000000000053e+00 2.689999999999999947e+00 7.745000000000000284e+01 7.265999999999999659e+01 3.410000000000000142e+00 4.080000000000000071e+00 1.600000000000000033e-02 1.295999999999999930e-02 4.000000000000000083e-02 1.900000000000000022e-01 4.900000000000000000e+01
2.000000000000000042e-02 3.499999999999999778e-01 3.450000000000000178e+00 5.709999999999999964e+00 5.639999999999999858e+01 6.912000000000000455e+01 2.520000000000000018e+00 6.099999999999999645e+00 2.000000000000000042e-02 7.634000000000000508e-02 1.000000000000000056e-01 2.000000000000000111e-01 5.600000000000000000e+01
5.000000000000000278e-02 4.000000000000000222e-01 1.199999999999999956e+00 8.369999999999999218e+00 3.856000000000000227e+01 6.935999999999999943e+01 8.179999999999999716e+00 4.490000000000000213e+00 2.199999999999999872e-02 2.173700000000000077e-01 2.399999999999999911e-01 3.400000000000000244e-01 6.600000000000000000e+01
2.999999999999999889e-02 2.300000000000000100e-01 2.620000000000000107e+00 9.619999999999999218e+00 8.004000000000000625e+01 2.625000000000000000e+01 9.039999999999999147e+00 6.129999999999999893e+00 1.200000000000000025e-02 2.783300000000000218e-01 2.899999999999999800e-01 3.800000000000000044e-01 4.700000000000000000e+01
4.000000000000000083e-02 4.899999999999999911e-01 2.430000000000000160e+00 2.310000000000000053e+00 6.675000000000000000e+01 3.529999999999999716e+01 8.650000000000000355e+00 3.370000000000000107e+00 2.400000000000000050e-02 8.322999999999999843e-02 1.100000000000000006e-01 2.300000000000000100e-01 6.400000000000000000e+01
2.000000000000000042e-02 3.800000000000000044e-01 1.060000000000000053e+00 3.419999999999999929e+00 1.907000000000000028e+01 5.865999999999999659e+01 2.800000000000000266e-01 3.279999999999999805e+00 1.400000000000000029e-02 1.724700000000000122e-01 1.900000000000000022e-01 2.899999999999999800e-01 5.200000000000000000e+01
5.000000000000000278e-02 4.400000000000000022e-01 8.750000000000000000e+00 3.810000000000000053e+00 2.160000000000000142e+01 5.872999999999999687e+01 7.399999999999999911e-01 5.610000000000000320e+00 1.700000000000000122e-02 4.919999999999999894e-03 2.000000000000000042e-02 8.999999999999999667e-02 6.300000000000000000e+01
4.000000000000000083e-02 1.700000000000000122e-01 8.400000000000000355e+00 8.070000000000000284e+00 1.216999999999999993e+01 4.539999999999999858e+01 4.849999999999999645e+00 3.779999999999999805e+00 1.099999999999999936e-02 2.717399999999999816e-01 2.700000000000000178e-01 2.899999999999999800e-01 6.300000000000000000e+01
1.000000000000000021e-02 2.600000000000000089e-01 7.290000000000000036e+00 2.799999999999999822e+00 1.971000000000000085e+01 4.142000000000000171e+01 3.830000000000000071e+00 3.439999999999999947e+00 1.700000000000000122e-02 1.121999999999999942e-01 1.199999999999999956e-01 1.600000000000000033e-01 4.500000000000000000e+01
1.000000000000000021e-02 1.000000000000000021e-02 8.240000000000000213e+00 4.019999999999999574e+00 4.822999999999999687e+01 6.926000000000000512e+01 9.609999999999999432e+00 4.690000000000000391e+00 1.499999999999999944e-02 3.150000000000000022e-03 2.000000000000000042e-02 1.400000000000000133e-01 4.500000000000000000e+01
1.000000000000000021e-02 2.999999999999999889e-01 2.310000000000000053e+00 9.669999999999999929e+00 4.188000000000000256e+01 7.476000000000000512e+01 1.000000000000000056e-01 3.240000000000000213e+00 2.400000000000000050e-02 1.608900000000000052e-01 1.900000000000000022e-01 2.500000000000000000e-01 1.010000000000000000e+02
1.000000000000000021e-02 3.900000000000000133e-01 5.049999999999999822e+00 6.660000000000000142e+00 1.680000000000000071e+01 4.275999999999999801e+01 6.200000000000000178e+00 5.150000000000000355e+00 2.000000000000000042e-02 1.232899999999999968e-01 1.300000000000000044e-01 1.600000000000000033e-01 1.200000000000000000e+02
1.000000000000000021e-02 4.899999999999999911e-01 6.759999999999999787e+00 8.359999999999999432e+00 4.914000000000000057e+01 4.960000000000000142e+01 5.559999999999999609e+00 6.209999999999999964e+00 1.799999999999999864e-02 1.907699999999999951e-01 2.000000000000000111e-01 2.500000000000000000e-01 9.100000000000000000e+01
2.999999999999999889e-02 7.000000000000000666e-02 5.480000000000000426e+00 5.269999999999999574e+00 5.179999999999999716e+01 4.221999999999999886e+01 5.410000000000000142e+00 3.419999999999999929e+00 2.199999999999999872e-02 2.575100000000000167e-01 2.700000000000000178e-01 3.499999999999999778e-01 6.100000000000000000e+01
