2.000000000000000042e-02 2.899999999999999800e-01 1.429999999999999938e+00 3.759999999999999787e+00 4.524000000000000199e+01 4.600000000000000000e+01 7.330000000000000071e+00 6.750000000000000000e+00 2.400000000000000050e-02 3.933999999999999997e-02 7.000000000000000666e-02 2.099999999999999922e-01 6.100000000000000000e+01
1.000000000000000021e-02 3.499999999999999778e-01 7.849999999999999645e+00 3.959999999999999964e+00 6.469999999999999751e+00 7.757999999999999829e+01 8.449999999999999289e+00 3.009999999999999787e+00 1.600000000000000033e-02 2.327899999999999969e-01 2.300000000000000100e-01 2.500000000000000000e-01 5.100000000000000000e+01
1.000000000000000021e-02 5.000000000000000278e-02 7.200000000000000178e+00 5.290000000000000036e+00 4.465999999999999659e+01 2.521999999999999886e+01 5.000000000000000000e-01 6.540000000000000036e+00 2.199999999999999872e-02 2.703999999999999737e-01 2.800000000000000266e-01 3.499999999999999778e-01 4.500000000000000000e+01
5.000000000000000278e-02 2.800000000000000266e-01 5.300000000000000266e-01 5.250000000000000000e+00 6.931000000000000227e+01 2.617000000000000171e+01 2.569999999999999840e+00 5.419999999999999929e+00 2.100000000000000130e-02 2.513000000000000234e-01 2.700000000000000178e-01 3.599999999999999867e-01 7.500000000000000000e+01
1.000000000000000021e-02 3.599999999999999867e-01 6.999999999999999556e-01 7.410000000000000142e+00 3.413000000000000256e+01 4.553000000000000114e+01 6.349999999999999645e+00 2.350000000000000089e+00 2.100000000000000130e-02 4.189999999999999974e-02 7.000000000000000666e-02 2.300000000000000100e-01 4.300000000000000000e+01
5.000000000000000278e-02 2.999999999999999889e-01 4.580000000000000071e+00 2.290000000000000036e+00 7.582999999999999829e+01 7.562999999999999545e+01 5.709999999999999964e+00 2.640000000000000124e+00 2.000000000000000042e-02 6.780999999999999528e-02 8.999999999999999667e-02 2.200000000000000011e-01 5.800000000000000000e+01
2.000000000000000042e-02 2.099999999999999922e-01 9.410000000000000142e+00 2.149999999999999911e+00 7.876000000000000512e+01 2.919000000000000128e+01 4.070000000000000284e+00 3.549999999999999822e+00 1.700000000000000122e-02 2.013800000000000034e-01 2.200000000000000011e-01 3.300000000000000155e-01 5.000000000000000000e+01
2.999999999999999889e-02 4.400000000000000022e-01 4.940000000000000391e+00 7.530000000000000249e+00 4.431000000000000227e+01 7.607999999999999829e+01 6.379999999999999893e+00 4.169999999999999929e+00 2.299999999999999961e-02 1.809099999999999875e-01 2.000000000000000111e-01 2.700000000000000178e-01 4.800000000000000000e+01
1.000000000000000021e-02 2.000000000000000111e-01 2.750000000000000000e+00 5.910000000000000142e+00 4.043999999999999773e+01 4.667000000000000171e+01 4.519999999999999574e+00 5.370000000000000107e+00 1.200000000000000025e-02 2.066399999999999904e-01 2.200000000000000011e-01 2.800000000000000266e-01 4.700000000000000000e+01
5.000000000000000278e-02 1.100000000000000006e-01 6.800000000000000488e-01 3.620000000000000107e+00 4.268999999999999773e+01 3.411999999999999744e+01 6.849999999999999645e+00 5.620000000000000107e+00 1.700000000000000122e-02 1.964799999999999880e-01 2.099999999999999922e-01 3.300000000000000155e-01 5.600000000000000000e+01
1.000000000000000021e-02 8.999999999999999667e-02 8.820000000000000284e+00 5.429999999999999716e+00 3.714000000000000057e+01 6.503000000000000114e+01 8.380000000000000782e+00 2.000000000000000000e+00 1.499999999999999944e-02 7.617000000000000159e-02 8.999999999999999667e-02 1.600000000000000033e-01 4.500000000000000000e+01
1.000000000000000021e-02 2.200000000000000011e-01 5.990000000000000213e+00 7.230000000000000426e+00 6.564000000000000057e+01 3.042000000000000171e+01 8.560000000000000497e+00 2.549999999999999822e+00 2.199999999999999872e-02 2.950900000000000190e-01 3.099999999999999978e-01 4.000000000000000222e-01 4.400000000000000000e+01
5.000000000000000278e-02 3.800000000000000044e-01 6.700000000000000178e+00 6.360000000000000320e+00 2.035000000000000142e+01 7.562999999999999545e+01 2.790000000000000036e+00 2.870000000000000107e+00 1.600000000000000033e-02 1.166100000000000053e-01 1.199999999999999956e-01 1.600000000000000033e-01 7.100000000000000000e+01
5.000000000000000278e-02 8.000000000000000167e-02 7.570000000000000284e+00 3.120000000000000107e+00 7.662999999999999545e+01 6.186999999999999744e+01 4.469999999999999751e+00 2.229999999999999982e+00 1.499999999999999944e-02 6.033000000000000168e-02 8.000000000000000167e-02 2.000000000000000111e-01 5.200000000000000000e+01
4.000000000000000083e-02 2.000000000000000111e-01 9.119999999999999218e+00 9.480000000000000426e+00 3.682000000000000028e+01 5.386999999999999744e+01 9.369999999999999218e+00 3.870000000000000107e+00 1.299999999999999940e-02 1.378399999999999903e-01 1.499999999999999944e-01 2.099999999999999922e-01 5.400000000000000000e+01
1.000000000000000021e-02 2.899999999999999800e-01 1.489999999999999991e+00 4.860000000000000320e+00 3.703000000000000114e+01 5.582000000000000028e+01 8.130000000000000782e+00 4.089999999999999858e+00 1.700000000000000122e-02 1.228000000000000064e-01 1.400000000000000133e-01 2.500000000000000000e-01 5.400000000000000000e+01
1.000000000000000021e-02 3.800000000000000044e-01 5.650000000000000355e+00 8.960000000000000853e+00 1.413000000000000078e+01 4.490999999999999659e+01 5.679999999999999716e+00 2.680000000000000160e+00 1.499999999999999944e-02 8.505999999999999672e-02 8.999999999999999667e-02 1.300000000000000044e-01 4.500000000000000000e+01
1.000000000000000021e-02 2.000000000000000042e-02 7.639999999999999680e+00 9.449999999999999289e+00 5.853000000000000114e+01 4.339000000000000057e+01 3.810000000000000053e+00 6.500000000000000000e+00 1.600000000000000033e-02 2.225600000000000078e-01 2.300000000000000100e-01 3.200000000000000067e-01 4.700000000000000000e+01
1.000000000000000021e-02 1.300000000000000044e-01 7.219999999999999751e+00 9.630000000000000782e+00 7.415999999999999659e+01 6.131000000000000227e+01 9.349999999999999645e+00 5.879999999999999893e+00 2.000000000000000042e-02 1.264800000000000091e-01 1.499999999999999944e-01 2.700000000000000178e-01 4.400000000000000000e+01
2.999999999999999889e-02 4.400000000000000022e-01 8.750000000000000000e+00 2.220000000000000195e+00 4.228000000000000114e+01 5.161999999999999744e+01 7.000000000000000666e-02 3.350000000000000089e+00 2.100000000000000130e-02 1.162999999999999971e-02 4.000000000000000083e-02 1.400000000000000133e-01 6.000000000000000000e+01
2.999999999999999889e-02 1.700000000000000122e-01 1.540000000000000036e+00 4.099999999999999645e+00 6.182999999999999829e+01 4.453999999999999915e+01 2.169999999999999929e+00 4.559999999999999609e+00 1.700000000000000122e-02 1.543899999999999995e-01 1.700000000000000122e-01 2.800000000000000266e-01 5.500000000000000000e+01
1.000000000000000021e-02 5.999999999999999778e-02 1.399999999999999911e+00 3.479999999999999982e+00 3.557999999999999829e+01 5.454999999999999716e+01 2.200000000000000011e-01 4.690000000000000391e+00 2.199999999999999872e-02 2.232899999999999885e-01 2.399999999999999911e-01 3.400000000000000244e-01 4.700000000000000000e+01
2.000000000000000042e-02 4.199999999999999845e-01 8.179999999999999716e+00 6.620000000000000107e+00 1.160999999999999943e+01 7.887999999999999545e+01 5.660000000000000142e+00 4.240000000000000213e+00 1.899999999999999953e-02 6.786999999999999977e-02 8.000000000000000167e-02 1.100000000000000006e-01 4.900000000000000000e+01
5.000000000000000278e-02 1.700000000000000122e-01 2.120000000000000107e+00 5.419999999999999929e+00 7.626000000000000512e+01 5.567000000000000171e+01 7.669999999999999929e+00 3.859999999999999876e+00 2.000000000000000042e-02 2.102300000000000002e-01 2.300000000000000100e-01 3.300000000000000155e-01 6.000000000000000000e+01
2.999999999999999889e-02 2.500000000000000000e-01 3.419999999999999929e+00 4.219999999999999751e+00 3.545000000000000284e+01 7.493000000000000682e+01 7.469999999999999751e+00 3.459999999999999964e+00 1.099999999999999936e-02 1.998399999999999899e-01 2.099999999999999922e-01 2.600000000000000089e-01 5.000000000000000000e+01
2.000000000000000042e-02 2.899999999999999800e-01 6.400000000000000133e-01 6.580000000000000071e+00 5.585000000000000142e+01 7.335999999999999943e+01 4.620000000000000107e+00 4.080000000000000071e+00 1.200000000000000025e-02 2.913000000000000034e-01 2.999999999999999889e-01 4.099999999999999756e-01 4.600000000000000000e+01
5.000000000000000278e-02 1.300000000000000044e-01 4.290000000000000036e+00 2.930000000000000160e+00 4.600000000000000000e+01 5.960999999999999943e+01 3.250000000000000000e+00 5.860000000000000320e+00 1.499999999999999944e-02 1.313400000000000123e-01 1.400000000000000133e-01 2.200000000000000011e-01 5.700000000000000000e+01
2.999999999999999889e-02 2.399999999999999911e-01 8.830000000000000071e+00 9.289999999999999147e+00 4.939000000000000057e+01 6.793999999999999773e+01 3.459999999999999964e+00 6.269999999999999574e+00 2.199999999999999872e-02 2.358599999999999863e-01 2.500000000000000000e-01 3.200000000000000067e-01 6.100000000000000000e+01
5.000000000000000278e-02 3.099999999999999978e-01 9.189999999999999503e+00 6.330000000000000071e+00 3.889000000000000057e+01 5.388000000000000256e+01 9.380000000000000782e+00 2.430000000000000160e+00 1.700000000000000122e-02 1.378999999999999948e-01 1.499999999999999944e-01 2.099999999999999922e-01 6.300000000000000000e+01
2.000000000000000042e-02 5.000000000000000000e-01 4.199999999999999845e-01 9.429999999999999716e+00 6.596999999999999886e+01 4.753000000000000114e+01 8.000000000000000167e-02 5.370000000000000107e+00 1.099999999999999936e-02 1.341799999999999937e-01 1.499999999999999944e-01 2.800000000000000266e-01 4.400000000000000000e+01
2.999999999999999889e-02 3.200000000000000067e-01 3.169999999999999929e+00 5.879999999999999893e+00 2.880999999999999872e+01 5.495000000000000284e+01 5.780000000000000249e+00 5.660000000000000142e+00 2.400000000000000050e-02 1.371100000000000096e-01 1.600000000000000033e-01 2.099999999999999922e-01 5.000000000000000000e+01
2.000000000000000042e-02 1.799999999999999933e-01 8.499999999999999778e-01 5.099999999999999645e+00 9.289999999999999147e+00 4.977000000000000313e+01 7.500000000000000000e-01 2.419999999999999929e+00 1.400000000000000029e-02 2.884599999999999942e-01 2.999999999999999889e-01 3.900000000000000133e-01 5.100000000000000000e+01
4.000000000000000083e-02 2.899999999999999800e-01 2.589999999999999858e+00 2.200000000000000178e+00 6.498999999999999488e+01 4.386999999999999744e+01 1.100000000000000006e-01 3.689999999999999947e+00 1.200000000000000025e-02 1.645300000000000096e-01 1.799999999999999933e-01 2.600000000000000089e-01 4.900000000000000000e+01
1.000000000000000021e-02 3.599999999999999867e-01 2.279999999999999805e+00 8.589999999999999858e+00 4.140999999999999659e+01 4.950999999999999801e+01 1.750000000000000000e+00 5.719999999999999751e+00 1.299999999999999940e-02 1.710299999999999876e-01 1.799999999999999933e-01 2.500000000000000000e-01 4.700000000000000000e+01
2.000000000000000042e-02 1.000000000000000021e-02 2.160000000000000142e+00 4.389999999999999680e+00 6.364000000000000057e+01 6.161999999999999744e+01 2.899999999999999911e+00 6.820000000000000284e+00 2.000000000000000042e-02 5.244000000000000050e-02 8.000000000000000167e-02 2.000000000000000111e-01 5.700000000000000000e+01
2.000000000000000042e-02 2.999999999999999889e-01 3.169999999999999929e+00 6.009999999999999787e+00 2.205000000000000071e+01 6.389999999999999858e+01 6.089999999999999858e+00 2.290000000000000036e+00 1.299999999999999940e-02 1.715800000000000103e-01 1.799999999999999933e-01 2.200000000000000011e-01 5.600000000000000000e+01
2.999999999999999889e-02 3.200000000000000067e-01 4.799999999999999822e+00 9.419999999999999929e+00 8.084999999999999432e+01 4.382000000000000028e+01 9.160000000000000142e+00 6.070000000000000284e+00 2.000000000000000042e-02 1.412499999999999867e-01 1.600000000000000033e-01 2.800000000000000266e-01 5.500000000000000000e+01
2.999999999999999889e-02 4.899999999999999911e-01 5.559999999999999609e+00 9.410000000000000142e+00 4.043999999999999773e+01 3.721000000000000085e+01 5.830000000000000071e+00 3.589999999999999858e+00 1.799999999999999864e-02 1.199800000000000033e-01 1.300000000000000044e-01 2.000000000000000111e-01 6.000000000000000000e+01
1.000000000000000021e-02 2.099999999999999922e-01 4.009999999999999787e+00 7.950000000000000178e+00 5.056000000000000227e+01 6.409999999999999432e+01 6.559999999999999609e+00 3.959999999999999964e+00 2.199999999999999872e-02 4.231000000000000039e-02 7.000000000000000666e-02 1.700000000000000122e-01 4.400000000000000000e+01
5.000000000000000278e-02 2.200000000000000011e-01 1.570000000000000062e+00 7.379999999999999893e+00 3.789000000000000057e+01 7.584000000000000341e+01 6.419999999999999929e+00 3.290000000000000036e+00 1.799999999999999864e-02 7.940999999999999448e-02 1.000000000000000056e-01 2.000000000000000111e-01 6.300000000000000000e+01
1.000000000000000021e-02 4.099999999999999756e-01 8.039999999999999147e+00 8.230000000000000426e+00 6.785999999999999943e+01 5.370000000000000284e+01 8.880000000000000782e+00 3.279999999999999805e+00 2.000000000000000042e-02 1.412200000000000122e-01 1.600000000000000033e-01 2.700000000000000178e-01 4.300000000000000000e+01
4.000000000000000083e-02 1.100000000000000006e-01 5.589999999999999858e+00 3.149999999999999911e+00 3.624000000000000199e+01 6.247999999999999687e+01 6.230000000000000426e+00 6.889999999999999680e+00 1.499999999999999944e-02 2.535000000000000100e-02 4.000000000000000083e-02 1.199999999999999956e-01 5.600000000000000000e+01
4.000000000000000083e-02 1.400000000000000133e-01 7.610000000000000320e+00 2.049999999999999822e+00 7.695000000000000284e+01 4.677000000000000313e+01 5.969999999999999751e+00 2.069999999999999840e+00 1.299999999999999940e-02 1.991000000000000061e-02 4.000000000000000083e-02 1.799999999999999933e-01 4.800000000000000000e+01
1.000000000000000021e-02 3.200000000000000067e-01 5.860000000000000320e+00 8.869999999999999218e+00 1.534999999999999964e+01 2.951000000000000156e+01 4.360000000000000320e+00 4.669999999999999929e+00 2.199999999999999872e-02 2.756000000000000116e-01 2.800000000000000266e-01 3.099999999999999978e-01 4.800000000000000000e+01
4.000000000000000083e-02 4.899999999999999911e-01 8.369999999999999218e+00 9.599999999999999645e+00 3.345000000000000284e+01 5.785000000000000142e+01 4.889999999999999680e+00 6.209999999999999964e+00 1.200000000000000025e-02 1.255400000000000127e-01 1.300000000000000044e-01 1.900000000000000022e-01 5.300000000000000000e+01
1.000000000000000021e-02 1.900000000000000022e-01 6.980000000000000426e+00 9.619999999999999218e+00 1.298000000000000043e+01 7.876999999999999602e+01 3.600000000000000089e+00 3.580000000000000071e+00 1.099999999999999936e-02 7.450000000000000025e-03 2.000000000000000042e-02 5.999999999999999778e-02 4.900000000000000000e+01
2.000000000000000042e-02 1.199999999999999956e-01 7.990000000000000213e+00 7.309999999999999609e+00 6.648000000000000398e+01 3.502000000000000313e+01 5.889999999999999680e+00 2.310000000000000053e+00 2.299999999999999961e-02 2.911099999999999799e-01 3.099999999999999978e-01 4.000000000000000222e-01 4.600000000000000000e+01
2.000000000000000042e-02 3.800000000000000044e-01 7.299999999999999822e+00 6.759999999999999787e+00 4.971000000000000085e+01 7.806000000000000227e+01 6.480000000000000426e+00 4.009999999999999787e+00 1.799999999999999864e-02 2.777600000000000069e-01 2.899999999999999800e-01 3.599999999999999867e-01 5.500000000000000000e+01
5.000000000000000278e-02 3.599999999999999867e-01 6.360000000000000320e+00 2.370000000000000107e+00 8.660000000000000142e+00 2.844999999999999929e+01 8.359999999999999432e+00 3.209999999999999964e+00 1.400000000000000029e-02 8.460000000000000506e-03 2.000000000000000042e-02 5.000000000000000278e-02 7.000000000000000000e+01
5.000000000000000278e-02 4.000000000000000222e-01 2.459999999999999964e+00 8.250000000000000000e+00 8.268000000000000682e+01 3.739000000000000057e+01 9.419999999999999929e+00 4.980000000000000426e+00 2.400000000000000050e-02 2.351300000000000057e-01 2.600000000000000089e-01 3.699999999999999956e-01 6.200000000000000000e+01
2.000000000000000042e-02 3.599999999999999867e-01 2.930000000000000160e+00 7.929999999999999716e+00 3.677000000000000313e+01 4.092000000000000171e+01 1.489999999999999991e+00 5.559999999999999609e+00 1.400000000000000029e-02 3.969000000000000306e-02 5.999999999999999778e-02 1.300000000000000044e-01 5.100000000000000000e+01
5.000000000000000278e-02 4.699999999999999734e-01 6.629999999999999893e+00 3.279999999999999805e+00 7.492000000000000171e+01 7.384999999999999432e+01 5.610000000000000320e+00 3.049999999999999822e+00 1.799999999999999864e-02 2.175199999999999911e-01 2.300000000000000100e-01 3.300000000000000155e-01 5.600000000000000000e+01
2.000000000000000042e-02 1.799999999999999933e-01 3.720000000000000195e+00 4.419999999999999929e+00 7.049999999999999822e+00 3.610000000000000142e+01 1.649999999999999911e+00 3.270000000000000018e+00 2.000000000000000042e-02 4.506999999999999895e-02 5.000000000000000278e-02 8.000000000000000167e-02 5.300000000000000000e+01
1.000000000000000021e-02 4.899999999999999911e-01 3.350000000000000089e+00 3.689999999999999947e+00 5.650999999999999801e+01 5.390999999999999659e+01 4.259999999999999787e+00 6.759999999999999787e+00 1.799999999999999864e-02 2.075100000000000000e-01 2.200000000000000011e-01 2.999999999999999889e-01 4.400000000000000000e+01
2.999999999999999889e-02 4.000000000000000222e-01 5.370000000000000107e+00 4.910000000000000142e+00 6.109000000000000341e+01 4.085999999999999943e+01 3.910000000000000142e+00 2.810000000000000053e+00 2.199999999999999872e-02 2.000800000000000078e-01 2.200000000000000011e-01 3.099999999999999978e-01 5.900000000000000000e+01
2.000000000000000042e-02 1.499999999999999944e-01 2.890000000000000124e+00 2.899999999999999911e+00 2.258999999999999986e+01 4.392000000000000171e+01 9.980000000000000426e+00 2.040000000000000036e+00 1.499999999999999944e-02 7.133000000000000451e-02 8.999999999999999667e-02 1.400000000000000133e-01 1.160000000000000000e+02
2.000000000000000042e-02 4.400000000000000022e-01 7.559999999999999609e+00 9.140000000000000568e+00 5.284000000000000341e+01 3.565999999999999659e+01 9.830000000000000071e+00 6.240000000000000213e+00 1.799999999999999864e-02 7.061000000000000609e-02 8.999999999999999667e-02 1.799999999999999933e-01 5.400000000000000000e+01
4.000000000000000083e-02 3.900000000000000133e-01 3.819999999999999840e+00 7.000000000000000000e+00 5.157000000000000028e+01 3.429999999999999716e+01 8.919999999999999929e+00 4.790000000000000036e+00 1.600000000000000033e-02 2.717999999999999861e-01 2.800000000000000266e-01 3.499999999999999778e-01 5.600000000000000000e+01
5.000000000000000278e-02 2.700000000000000178e-01 8.769999999999999574e+00 9.390000000000000568e+00 2.957999999999999829e+01 5.161999999999999744e+01 9.960000000000000853e+00 2.350000000000000089e+00 2.299999999999999961e-02 1.138399999999999967e-01 1.300000000000000044e-01 1.799999999999999933e-01 7.600000000000000000e+01
4.000000000000000083e-02 2.999999999999999889e-02 3.339999999999999858e+00 3.240000000000000213e+00 4.177000000000000313e+01 4.417000000000000171e+01 1.540000000000000036e+00 2.490000000000000213e+00 1.799999999999999864e-02 2.369999999999999885e-02 5.000000000000000278e-02 1.300000000000000044e-01 5.900000000000000000e+01
2.999999999999999889e-02 1.199999999999999956e-01 5.280000000000000249e+00 6.910000000000000142e+00 3.839999999999999858e+01 5.447999999999999687e+01 7.509999999999999787e+00 4.330000000000000071e+00 1.899999999999999953e-02 6.629999999999999782e-02 8.000000000000000167e-02 1.499999999999999944e-01 7.300000000000000000e+01
4.000000000000000083e-02 4.000000000000000083e-02 4.110000000000000320e+00 3.000000000000000000e+00 1.480000000000000071e+01 7.326000000000000512e+01 4.700000000000000178e+00 5.469999999999999751e+00 1.499999999999999944e-02 2.305999999999999994e-01 2.300000000000000100e-01 2.600000000000000089e-01 5.100000000000000000e+01
1.000000000000000021e-02 1.000000000000000056e-01 5.440000000000000391e+00 5.820000000000000284e+00 8.650000000000000355e+00 6.900000000000000000e+01 4.169999999999999929e+00 2.229999999999999982e+00 2.199999999999999872e-02 1.032499999999999946e-01 1.100000000000000006e-01 1.300000000000000044e-01 5.200000000000000000e+01
2.999999999999999889e-02 4.600000000000000200e-01 4.980000000000000426e+00 6.839999999999999858e+00 9.679999999999999716e+00 6.623999999999999488e+01 9.160000000000000142e+00 4.969999999999999751e+00 1.299999999999999940e-02 2.567999999999999727e-01 2.600000000000000089e-01 2.800000000000000266e-01 5.000000000000000000e+01
2.000000000000000042e-02 3.200000000000000067e-01 2.479999999999999982e+00 5.530000000000000249e+00 1.106000000000000050e+01 4.149000000000000199e+01 3.370000000000000107e+00 2.629999999999999893e+00 2.199999999999999872e-02 2.048000000000000168e-02 5.000000000000000278e-02 1.300000000000000044e-01 9.900000000000000000e+01
4.000000000000000083e-02 2.000000000000000111e-01 4.900000000000000355e+00 9.630000000000000782e+00 1.892000000000000171e+01 6.518999999999999773e+01 9.630000000000000782e+00 6.099999999999999645e+00 1.600000000000000033e-02 6.757000000000000506e-02 8.000000000000000167e-02 1.199999999999999956e-01 6.800000000000000000e+01
1.000000000000000021e-02 1.600000000000000033e-01 6.009999999999999787e+00 9.060000000000000497e+00 1.171000000000000085e+01 7.362000000000000455e+01 5.259999999999999787e+00 6.389999999999999680e+00 2.100000000000000130e-02 1.791999999999999843e-02 2.999999999999999889e-02 7.000000000000000666e-02 4.700000000000000000e+01
4.000000000000000083e-02 5.000000000000000278e-02 6.070000000000000284e+00 3.209999999999999964e+00 7.262999999999999545e+01 7.454000000000000625e+01 3.000000000000000000e+00 3.879999999999999893e+00 1.899999999999999953e-02 1.812000000000000069e-02 5.000000000000000278e-02 1.900000000000000022e-01 5.500000000000000000e+01
1.000000000000000021e-02 4.600000000000000200e-01 9.710000000000000853e+00 8.490000000000000213e+00 8.237999999999999545e+01 5.596999999999999886e+01 5.780000000000000249e+00 2.839999999999999858e+00 1.499999999999999944e-02 2.126000000000000112e-02 4.000000000000000083e-02 2.000000000000000111e-01 4.500000000000000000e+01
1.000000000000000021e-02 3.400000000000000244e-01 7.399999999999999911e-01 3.709999999999999964e+00 3.250000000000000000e+01 7.935999999999999943e+01 7.540000000000000036e+00 2.640000000000000124e+00 2.100000000000000130e-02 2.379799999999999971e-01 2.600000000000000089e-01 3.699999999999999956e-01 4.400000000000000000e+01
2.999999999999999889e-02 1.900000000000000022e-01 9.000000000000000000e+00 8.750000000000000000e+00 1.692999999999999972e+01 7.562000000000000455e+01 2.870000000000000107e+00 4.549999999999999822e+00 1.499999999999999944e-02 9.544999999999999318e-02 1.000000000000000056e-01 1.400000000000000133e-01 4.900000000000000000e+01
2.999999999999999889e-02 2.600000000000000089e-01 1.879999999999999893e+00 7.330000000000000071e+00 6.343999999999999773e+01 6.085000000000000142e+01 4.360000000000000320e+00 5.000000000000000000e+00 1.400000000000000029e-02 2.744800000000000018e-01 2.899999999999999800e-01 3.800000000000000044e-01 5.100000000000000000e+01
2.999999999999999889e-02 1.799999999999999933e-01 3.500000000000000000e+00 2.990000000000000213e+00 7.398000000000000398e+01 5.075000000000000000e+01 6.580000000000000071e+00 4.519999999999999574e+00 1.700000000000000122e-02 4.891000000000000208e-02 7.000000000000000666e-02 2.000000000000000111e-01 5.100000000000000000e+01
4.000000000000000083e-02 1.799999999999999933e-01 3.109999999999999876e+00 8.660000000000000142e+00 1.282000000000000028e+01 6.807999999999999829e+01 6.459999999999999964e+00 3.270000000000000018e+00 2.199999999999999872e-02 1.634599999999999942e-01 1.799999999999999933e-01 2.200000000000000011e-01 1.300000000000000000e+02
5.000000000000000278e-02 4.500000000000000111e-01 9.720000000000000639e+00 4.879999999999999893e+00 7.756999999999999318e+01 6.759999999999999432e+01 2.990000000000000213e+00 6.889999999999999680e+00 1.799999999999999864e-02 1.579800000000000093e-01 1.799999999999999933e-01 2.800000000000000266e-01 5.600000000000000000e+01
4.000000000000000083e-02 3.200000000000000067e-01 8.980000000000000426e+00 8.669999999999999929e+00 8.279000000000000625e+01 3.080999999999999872e+01 1.780000000000000027e+00 5.940000000000000391e+00 1.899999999999999953e-02 2.612400000000000277e-01 2.800000000000000266e-01 3.800000000000000044e-01 5.600000000000000000e+01
1.000000000000000021e-02 2.399999999999999911e-01 4.250000000000000000e+00 7.000000000000000000e+00 3.693999999999999773e+01 2.657999999999999829e+01 1.050000000000000044e+00 6.519999999999999574e+00 1.600000000000000033e-02 4.519999999999999712e-03 2.000000000000000042e-02 1.199999999999999956e-01 4.600000000000000000e+01
2.999999999999999889e-02 4.600000000000000200e-01 8.439999999999999503e+00 9.580000000000000071e+00 8.470000000000000639e+00 4.329999999999999716e+01 3.620000000000000107e+00 6.990000000000000213e+00 2.000000000000000042e-02 1.865999999999999881e-01 1.900000000000000022e-01 2.099999999999999922e-01 5.600000000000000000e+01
2.999999999999999889e-02 2.999999999999999889e-01 8.960000000000000853e+00 2.689999999999999947e+00 6.081000000000000227e+01 5.697999999999999687e+01 4.349999999999999645e+00 2.569999999999999840e+00 2.000000000000000042e-02 1.861800000000000122e-01 2.000000000000000111e-01 2.899999999999999800e-01 5.800000000000000000e+01
1.000000000000000021e-02 7.000000000000000666e-02 5.740000000000000213e+00 8.400000000000000355e+00 7.495000000000000284e+01 7.476000000000000512e+01 8.710000000000000853e+00 4.849999999999999645e+00 1.700000000000000122e-02 4.397999999999999826e-02 7.000000000000000666e-02 2.099999999999999922e-01 4.700000000000000000e+01
4.000000000000000083e-02 4.400000000000000022e-01 7.660000000000000142e+00 8.519999999999999574e+00 4.122999999999999687e+01 2.685999999999999943e+01 5.559999999999999609e+00 6.719999999999999751e+00 2.000000000000000042e-02 1.136100000000000027e-01 1.300000000000000044e-01 2.000000000000000111e-01 6.400000000000000000e+01
1.000000000000000021e-02 3.099999999999999978e-01 6.709999999999999964e+00 9.990000000000000213e+00 1.568999999999999950e+01 4.545000000000000284e+01 1.919999999999999929e+00 3.779999999999999805e+00 1.499999999999999944e-02 3.299999999999999982e-04 1.000000000000000021e-02 7.000000000000000666e-02 4.600000000000000000e+01
2.999999999999999889e-02 4.000000000000000083e-02 4.740000000000000213e+00 5.740000000000000213e+00 3.050000000000000000e+01 5.043999999999999773e+01 7.540000000000000036e+00 4.299999999999999822e+00 1.799999999999999864e-02 1.621700000000000086e-01 1.700000000000000122e-01 2.200000000000000011e-01 4.800000000000000000e+01
1.000000000000000021e-02 1.300000000000000044e-01 3.810000000000000053e+00 6.139999999999999680e+00 4.925000000000000000e+01 2.566000000000000014e+01 4.150000000000000355e+00 3.450000000000000178e+00 1.899999999999999953e-02 1.910699999999999898e-01 2.000000000000000111e-01 2.800000000000000266e-01 4.300000000000000000e+01
5.000000000000000278e-02 5.999999999999999778e-02 5.610000000000000320e+00 7.860000000000000320e+00 2.073000000000000043e+01 5.789000000000000057e+01 7.669999999999999929e+00 2.040000000000000036e+00 2.299999999999999961e-02 1.402700000000000058e-01 1.499999999999999944e-01 1.900000000000000022e-01 5.400000000000000000e+01
1.000000000000000021e-02 4.600000000000000200e-01 9.200000000000000400e-01 5.280000000000000249e+00 8.362999999999999545e+01 6.829000000000000625e+01 2.229999999999999982e+00 4.820000000000000284e+00 2.000000000000000042e-02 3.160000000000000309e-02 5.999999999999999778e-02 2.300000000000000100e-01 4.800000000000000000e+01
4.000000000000000083e-02 3.099999999999999978e-01 2.649999999999999911e+00 4.599999999999999645e+00 2.555999999999999872e+01 4.953000000000000114e+01 9.390000000000000568e+00 2.270000000000000018e+00 2.100000000000000130e-02 2.816899999999999959e-01 2.899999999999999800e-01 3.400000000000000244e-01 1.000000000000000000e+02
2.999999999999999889e-02 4.000000000000000083e-02 2.419999999999999929e+00 4.000000000000000000e+00 3.978999999999999915e+01 2.721999999999999886e+01 3.400000000000000244e-01 3.080000000000000071e+00 1.299999999999999940e-02 2.653800000000000048e-01 2.700000000000000178e-01 3.300000000000000155e-01 5.600000000000000000e+01
4.000000000000000083e-02 5.999999999999999778e-02 2.669999999999999929e+00 2.390000000000000124e+00 7.439000000000000057e+01 4.253999999999999915e+01 6.129999999999999893e+00 3.520000000000000018e+00 2.000000000000000042e-02 7.312000000000000444e-02 1.000000000000000056e-01 2.200000000000000011e-01 6.000000000000000000e+01
4.000000000000000083e-02 1.300000000000000044e-01 2.390000000000000124e+00 5.410000000000000142e+00 7.553000000000000114e+01 2.617999999999999972e+01 3.499999999999999778e-01 4.179999999999999716e+00 1.899999999999999953e-02 5.254999999999999949e-02 8.000000000000000167e-02 1.900000000000000022e-01 6.400000000000000000e+01
1.000000000000000021e-02 2.500000000000000000e-01 8.660000000000000142e+00 2.609999999999999876e+00 6.284000000000000341e+01 2.898000000000000043e+01 7.849999999999999645e+00 6.570000000000000284e+00 2.400000000000000050e-02 1.816399999999999959e-01 2.000000000000000111e-01 2.999999999999999889e-01 4.300000000000000000e+01
2.000000000000000042e-02 8.000000000000000167e-02 6.780000000000000249e+00 9.330000000000000071e+00 7.614000000000000057e+01 7.284000000000000341e+01 8.140000000000000568e+00 6.209999999999999964e+00 1.400000000000000029e-02 4.932000000000000273e-02 7.000000000000000666e-02 2.000000000000000111e-01 4.600000000000000000e+01
2.000000000000000042e-02 4.199999999999999845e-01 4.099999999999999756e-01 9.630000000000000782e+00 2.367999999999999972e+01 4.407999999999999829e+01 7.299999999999999822e-01 2.009999999999999787e+00 1.200000000000000025e-02 1.035999999999999976e-01 1.199999999999999956e-01 2.500000000000000000e-01 4.600000000000000000e+01
2.000000000000000042e-02 2.399999999999999911e-01 4.410000000000000142e+00 6.400000000000000355e+00 7.423000000000000398e+01 7.528000000000000114e+01 5.980000000000000426e+00 5.250000000000000000e+00 1.899999999999999953e-02 6.217999999999999916e-02 8.999999999999999667e-02 2.099999999999999922e-01 5.200000000000000000e+01
4.000000000000000083e-02 3.300000000000000155e-01 9.740000000000000213e+00 5.929999999999999716e+00 3.793999999999999773e+01 3.532999999999999829e+01 2.750000000000000000e+00 5.830000000000000071e+00 1.200000000000000025e-02 1.445400000000000018e-01 1.499999999999999944e-01 2.099999999999999922e-01 5.200000000000000000e+01
1.000000000000000021e-02 2.000000000000000042e-02 1.669999999999999929e+00 7.830000000000000071e+00 3.514000000000000057e+01 6.014000000000000057e+01 1.909999999999999920e+00 3.649999999999999911e+00 1.400000000000000029e-02 2.479800000000000060e-01 2.600000000000000089e-01 3.400000000000000244e-01 5.200000000000000000e+01
1.000000000000000021e-02 4.899999999999999911e-01 8.640000000000000568e+00 7.990000000000000213e+00 6.887999999999999545e+01 7.551999999999999602e+01 2.479999999999999982e+00 6.129999999999999893e+00 2.100000000000000130e-02 1.392599999999999949e-01 1.600000000000000033e-01 2.700000000000000178e-01 4.300000000000000000e+01
1.000000000000000021e-02 2.700000000000000178e-01 1.860000000000000098e+00 2.939999999999999947e+00 1.338000000000000078e+01 7.398000000000000398e+01 9.050000000000000711e+00 4.059999999999999609e+00 1.200000000000000025e-02 1.494499999999999995e-01 1.600000000000000033e-01 2.300000000000000100e-01 5.700000000000000000e+01
5.000000000000000278e-02 1.000000000000000021e-02 8.150000000000000355e+00 7.349999999999999645e+00 8.398000000000000398e+01 6.829999999999999716e+01 5.000000000000000000e-01 3.160000000000000142e+00 1.499999999999999944e-02 7.416999999999999982e-02 1.000000000000000056e-01 2.200000000000000011e-01 5.100000000000000000e+01
1.000000000000000021e-02 3.099999999999999978e-01 2.069999999999999840e+00 3.819999999999999840e+00 4.853999999999999915e+01 2.626000000000000156e+01 7.820000000000000284e+00 4.809999999999999609e+00 1.299999999999999940e-02 2.167999999999999927e-01 2.300000000000000100e-01 2.800000000000000266e-01 7.300000000000000000e+01
2.000000000000000042e-02 1.100000000000000006e-01 8.900000000000000133e-01 7.389999999999999680e+00 8.103000000000000114e+01 3.853999999999999915e+01 7.500000000000000000e-01 3.490000000000000213e+00 1.299999999999999940e-02 2.927600000000000202e-01 2.999999999999999889e-01 4.199999999999999845e-01 4.600000000000000000e+01
2.999999999999999889e-02 1.000000000000000021e-02 7.179999999999999716e+00 9.259999999999999787e+00 2.217000000000000171e+01 3.263000000000000256e+01 2.300000000000000100e-01 4.500000000000000000e+00 1.799999999999999864e-02 1.649799999999999878e-01 1.700000000000000122e-01 2.099999999999999922e-01 5.000000000000000000e+01
2.000000000000000042e-02 4.799999999999999822e-01 3.939999999999999947e+00 9.699999999999999289e+00 4.542999999999999972e+01 6.157000000000000028e+01 8.499999999999999778e-01 5.219999999999999751e+00 1.400000000000000029e-02 2.815099999999999825e-01 2.899999999999999800e-01 3.499999999999999778e-01 5.000000000000000000e+01
5.000000000000000278e-02 4.799999999999999822e-01 9.570000000000000284e+00 4.730000000000000426e+00 1.253999999999999915e+01 2.544000000000000128e+01 5.100000000000000089e-01 3.529999999999999805e+00 2.299999999999999961e-02 2.891900000000000026e-01 2.899999999999999800e-01 3.200000000000000067e-01 6.000000000000000000e+01
2.000000000000000042e-02 3.499999999999999778e-01 5.500000000000000444e-01 8.550000000000000711e+00 2.944000000000000128e+01 3.089999999999999858e+01 3.350000000000000089e+00 2.660000000000000142e+00 1.299999999999999940e-02 2.733300000000000174e-01 2.800000000000000266e-01 3.900000000000000133e-01 4.700000000000000000e+01
2.999999999999999889e-02 3.699999999999999956e-01 2.410000000000000142e+00 7.799999999999999822e+00 2.226000000000000156e+01 3.397999999999999687e+01 1.449999999999999956e+00 3.370000000000000107e+00 2.299999999999999961e-02 1.146699999999999942e-01 1.400000000000000133e-01 2.099999999999999922e-01 9.200000000000000000e+01
2.999999999999999889e-02 2.899999999999999800e-01 9.400000000000000355e+00 8.509999999999999787e+00 7.521999999999999886e+01 5.950000000000000000e+01 7.179999999999999716e+00 3.759999999999999787e+00 1.299999999999999940e-02 3.500999999999999945e-02 5.999999999999999778e-02 1.900000000000000022e-01 4.700000000000000000e+01
2.999999999999999889e-02 2.300000000000000100e-01 7.799999999999999822e+00 6.450000000000000178e+00 7.970999999999999375e+01 5.510999999999999943e+01 7.849999999999999645e+00 4.269999999999999574e+00 1.299999999999999940e-02 1.703999999999999959e-01 1.799999999999999933e-01 2.899999999999999800e-01 4.800000000000000000e+01
5.000000000000000278e-02 2.700000000000000178e-01 1.189999999999999947e+00 3.439999999999999947e+00 4.909000000000000341e+01 3.436999999999999744e+01 3.800000000000000044e-01 5.950000000000000178e+00 2.400000000000000050e-02 7.242999999999999439e-02 1.100000000000000006e-01 2.300000000000000100e-01 6.500000000000000000e+01
4.000000000000000083e-02 1.199999999999999956e-01 9.529999999999999361e+00 8.619999999999999218e+00 4.782000000000000028e+01 6.000000000000000000e+01 2.470000000000000195e+00 5.610000000000000320e+00 2.100000000000000130e-02 1.867900000000000116e-01 2.000000000000000111e-01 2.700000000000000178e-01 6.400000000000000000e+01
2.999999999999999889e-02 2.000000000000000042e-02 2.629999999999999893e+00 7.309999999999999609e+00 7.621999999999999886e+01 6.790000000000000568e+01 7.650000000000000355e+00 6.610000000000000320e+00 1.200000000000000025e-02 1.921700000000000075e-01 2.000000000000000111e-01 2.999999999999999889e-01 4.700000000000000000e+01
1.000000000000000021e-02 2.399999999999999911e-01 1.260000000000000009e+00 2.770000000000000018e+00 3.132999999999999829e+01 2.917000000000000171e+01 9.000000000000000222e-01 2.100000000000000089e+00 2.000000000000000042e-02 1.332200000000000051e-01 1.499999999999999944e-01 2.600000000000000089e-01 5.700000000000000000e+01
2.000000000000000042e-02 5.000000000000000000e-01 5.009999999999999787e+00 7.530000000000000249e+00 7.280000000000000249e+00 4.632000000000000028e+01 2.379999999999999893e+00 4.830000000000000071e+00 1.299999999999999940e-02 1.689199999999999868e-01 1.700000000000000122e-01 1.900000000000000022e-01 4.900000000000000000e+01
2.999999999999999889e-02 7.000000000000000666e-02 4.040000000000000036e+00 9.880000000000000782e+00 5.254999999999999716e+01 7.601000000000000512e+01 5.610000000000000320e+00 5.500000000000000000e+00 2.400000000000000050e-02 9.485000000000000375e-02 1.199999999999999956e-01 2.099999999999999922e-01 6.400000000000000000e+01
4.000000000000000083e-02 2.000000000000000111e-01 2.649999999999999911e+00 5.070000000000000284e+00 7.931999999999999318e+01 5.563000000000000256e+01 8.910000000000000142e+00 6.110000000000000320e+00 2.299999999999999961e-02 2.123800000000000132e-01 2.300000000000000100e-01 3.400000000000000244e-01 6.000000000000000000e+01
1.000000000000000021e-02 1.100000000000000006e-01 4.480000000000000426e+00 9.550000000000000711e+00 7.698999999999999488e+01 6.881000000000000227e+01 3.029999999999999805e+00 3.339999999999999858e+00 2.199999999999999872e-02 2.186800000000000133e-01 2.399999999999999911e-01 3.499999999999999778e-01 4.300000000000000000e+01
1.000000000000000021e-02 8.999999999999999667e-02 4.980000000000000426e+00 5.669999999999999929e+00 1.222000000000000064e+01 5.988000000000000256e+01 6.400000000000000355e+00 5.500000000000000000e+00 1.700000000000000122e-02 1.537900000000000100e-01 1.600000000000000033e-01 1.900000000000000022e-01 4.700000000000000000e+01
2.999999999999999889e-02 4.099999999999999756e-01 9.189999999999999503e+00 3.890000000000000124e+00 3.096000000000000085e+01 4.750999999999999801e+01 4.699999999999999734e-01 5.450000000000000178e+00 2.199999999999999872e-02 6.320000000000000617e-02 8.000000000000000167e-02 1.499999999999999944e-01 4.800000000000000000e+01
4.000000000000000083e-02 1.600000000000000033e-01 7.400000000000000355e+00 4.660000000000000142e+00 6.063000000000000256e+01 6.564000000000000057e+01 6.099999999999999867e-01 2.479999999999999982e+00 1.899999999999999953e-02 2.564199999999999813e-01 2.700000000000000178e-01 3.499999999999999778e-01 5.800000000000000000e+01
4.000000000000000083e-02 2.500000000000000000e-01 8.699999999999999289e+00 7.570000000000000284e+00 7.312000000000000455e+01 5.996999999999999886e+01 7.299999999999999822e-01 3.149999999999999911e+00 1.400000000000000029e-02 2.978899999999999881e-01 3.099999999999999978e-01 4.000000000000000222e-01 5.000000000000000000e+01
4.000000000000000083e-02 3.400000000000000244e-01 3.359999999999999876e+00 8.400000000000000355e+00 7.773999999999999488e+01 6.720999999999999375e+01 1.750000000000000000e+00 4.900000000000000355e+00 2.400000000000000050e-02 1.515199999999999880e-01 1.799999999999999933e-01 2.899999999999999800e-01 6.100000000000000000e+01
4.000000000000000083e-02 2.000000000000000111e-01 3.589999999999999858e+00 8.810000000000000497e+00 6.377000000000000313e+01 3.240999999999999659e+01 3.759999999999999787e+00 4.509999999999999787e+00 1.899999999999999953e-02 1.320900000000000130e-01 1.499999999999999944e-01 2.500000000000000000e-01 5.800000000000000000e+01
2.999999999999999889e-02 4.899999999999999911e-01 5.589999999999999858e+00 8.890000000000000568e+00 3.141000000000000014e+01 3.311999999999999744e+01 8.269999999999999574e+00 6.889999999999999680e+00 1.499999999999999944e-02 7.910000000000000364e-02 8.999999999999999667e-02 1.499999999999999944e-01 5.700000000000000000e+01
4.000000000000000083e-02 4.099999999999999756e-01 7.379999999999999893e+00 4.669999999999999929e+00 7.234000000000000341e+01 7.743000000000000682e+01 3.740000000000000213e+00 2.779999999999999805e+00 2.100000000000000130e-02 2.070599999999999941e-01 2.300000000000000100e-01 3.200000000000000067e-01 5.900000000000000000e+01
2.999999999999999889e-02 3.099999999999999978e-01 9.499999999999999556e-01 3.839999999999999858e+00 6.975000000000000000e+01 5.050999999999999801e+01 5.820000000000000284e+00 6.900000000000000355e+00 1.899999999999999953e-02 1.922099999999999920e-01 2.099999999999999922e-01 3.300000000000000155e-01 5.500000000000000000e+01
1.000000000000000021e-02 2.899999999999999800e-01 1.570000000000000062e+00 3.700000000000000178e+00 1.778999999999999915e+01 6.831999999999999318e+01 8.519999999999999574e+00 2.430000000000000160e+00 2.000000000000000042e-02 4.870000000000000023e-02 7.000000000000000666e-02 1.799999999999999933e-01 6.300000000000000000e+01
2.000000000000000042e-02 3.900000000000000133e-01 9.490000000000000213e+00 3.830000000000000071e+00 1.358000000000000007e+01 5.621000000000000085e+01 4.600000000000000200e-01 3.299999999999999822e+00 2.199999999999999872e-02 4.060000000000000241e-03 2.000000000000000042e-02 7.000000000000000666e-02 4.900000000000000000e+01
1.000000000000000021e-02 1.499999999999999944e-01 5.370000000000000107e+00 9.650000000000000355e+00 1.381000000000000050e+01 4.797999999999999687e+01 5.839999999999999858e+00 4.070000000000000284e+00 2.400000000000000050e-02 1.922699999999999965e-01 2.000000000000000111e-01 2.300000000000000100e-01 5.000000000000000000e+01
2.999999999999999889e-02 5.999999999999999778e-02 6.040000000000000036e+00 8.410000000000000142e+00 4.328999999999999915e+01 2.537000000000000099e+01 4.110000000000000320e+00 2.879999999999999893e+00 1.899999999999999953e-02 2.157499999999999973e-01 2.300000000000000100e-01 2.899999999999999800e-01 6.100000000000000000e+01
4.000000000000000083e-02 2.800000000000000266e-01 3.229999999999999982e+00 4.129999999999999893e+00 3.860000000000000142e+01 5.747999999999999687e+01 6.690000000000000391e+00 4.570000000000000284e+00 1.499999999999999944e-02 2.558000000000000274e-01 2.600000000000000089e-01 3.200000000000000067e-01 5.700000000000000000e+01
5.000000000000000278e-02 3.099999999999999978e-01 7.650000000000000355e+00 4.490000000000000213e+00 6.981999999999999318e+01 7.206999999999999318e+01 3.709999999999999964e+00 2.100000000000000089e+00 2.000000000000000042e-02 1.238800000000000040e-01 1.400000000000000133e-01 2.500000000000000000e-01 5.900000000000000000e+01
4.000000000000000083e-02 3.099999999999999978e-01 7.700000000000000178e-01 8.169999999999999929e+00 5.470000000000000284e+01 6.102000000000000313e+01 6.179999999999999716e+00 3.600000000000000089e+00 1.899999999999999953e-02 1.967899999999999927e-01 2.200000000000000011e-01 3.300000000000000155e-01 5.700000000000000000e+01
2.999999999999999889e-02 4.000000000000000083e-02 4.580000000000000071e+00 9.939999999999999503e+00 1.403999999999999915e+01 6.403000000000000114e+01 7.519999999999999574e+00 2.339999999999999858e+00 2.199999999999999872e-02 1.202300000000000035e-01 1.300000000000000044e-01 1.600000000000000033e-01 5.200000000000000000e+01
4.000000000000000083e-02 1.000000000000000056e-01 1.340000000000000080e+00 8.519999999999999574e+00 7.517000000000000171e+01 4.128999999999999915e+01 4.419999999999999929e+00 5.879999999999999893e+00 1.600000000000000033e-02 1.406600000000000072e-01 1.600000000000000033e-01 2.700000000000000178e-01 5.900000000000000000e+01
1.000000000000000021e-02 1.100000000000000006e-01 3.330000000000000071e+00 2.620000000000000107e+00 5.854999999999999716e+01 3.017000000000000171e+01 4.910000000000000142e+00 6.169999999999999929e+00 2.199999999999999872e-02 4.662999999999999784e-02 7.000000000000000666e-02 1.900000000000000022e-01 4.300000000000000000e+01
4.000000000000000083e-02 1.900000000000000022e-01 7.709999999999999964e+00 2.490000000000000213e+00 6.451999999999999602e+01 6.310999999999999943e+01 6.120000000000000107e+00 6.750000000000000000e+00 1.200000000000000025e-02 9.167000000000000148e-02 1.100000000000000006e-01 2.000000000000000111e-01 4.900000000000000000e+01
2.999999999999999889e-02 2.999999999999999889e-01 1.540000000000000036e+00 9.189999999999999503e+00 8.290999999999999659e+01 2.505999999999999872e+01 8.499999999999999778e-01 2.100000000000000089e+00 1.700000000000000122e-02 2.212200000000000000e-01 2.399999999999999911e-01 3.599999999999999867e-01 5.200000000000000000e+01
4.000000000000000083e-02 3.200000000000000067e-01 4.540000000000000036e+00 6.150000000000000355e+00 6.687000000000000455e+01 3.982000000000000028e+01 4.400000000000000022e-01 6.780000000000000249e+00 1.099999999999999936e-02 5.850000000000000339e-02 7.000000000000000666e-02 1.799999999999999933e-01 4.700000000000000000e+01
2.000000000000000042e-02 4.899999999999999911e-01 1.090000000000000080e+00 5.940000000000000391e+00 2.419000000000000128e+01 4.331000000000000227e+01 4.190000000000000391e+00 6.650000000000000355e+00 1.700000000000000122e-02 1.189700000000000063e-01 1.400000000000000133e-01 2.500000000000000000e-01 5.500000000000000000e+01
5.000000000000000278e-02 1.199999999999999956e-01 3.620000000000000107e+00 9.310000000000000497e+00 3.627000000000000313e+01 7.510999999999999943e+01 7.900000000000000355e+00 6.769999999999999574e+00 2.100000000000000130e-02 2.311999999999999889e-01 2.399999999999999911e-01 2.999999999999999889e-01 6.900000000000000000e+01
2.999999999999999889e-02 2.000000000000000042e-02 5.900000000000000355e+00 7.290000000000000036e+00 1.832000000000000028e+01 5.867999999999999972e+01 8.570000000000000284e+00 5.269999999999999574e+00 1.299999999999999940e-02 7.620000000000000037e-03 2.000000000000000042e-02 8.000000000000000167e-02 5.500000000000000000e+01
2.999999999999999889e-02 1.400000000000000133e-01 8.140000000000000568e+00 2.200000000000000178e+00 3.459000000000000341e+01 7.848999999999999488e+01 3.609999999999999876e+00 3.609999999999999876e+00 1.899999999999999953e-02 7.480000000000000537e-02 8.999999999999999667e-02 1.600000000000000033e-01 6.300000000000000000e+01
1.000000000000000021e-02 1.700000000000000122e-01 9.499999999999999556e-01 5.049999999999999822e+00 3.012000000000000099e+01 6.706000000000000227e+01 7.769999999999999574e+00 6.580000000000000071e+00 1.700000000000000122e-02 6.144999999999999768e-02 8.000000000000000167e-02 2.200000000000000011e-01 5.100000000000000000e+01
4.000000000000000083e-02 2.600000000000000089e-01 8.439999999999999503e+00 9.660000000000000142e+00 5.589999999999999858e+01 5.872999999999999687e+01 7.780000000000000249e+00 5.040000000000000036e+00 1.299999999999999940e-02 2.321100000000000108e-01 2.399999999999999911e-01 3.200000000000000067e-01 5.100000000000000000e+01
4.000000000000000083e-02 7.000000000000000666e-02 5.600000000000000533e-01 2.060000000000000053e+00 4.607000000000000028e+01 7.773000000000000398e+01 9.599999999999999645e-01 2.640000000000000124e+00 1.499999999999999944e-02 1.428300000000000125e-01 1.600000000000000033e-01 2.800000000000000266e-01 5.100000000000000000e+01
1.000000000000000021e-02 2.099999999999999922e-01 4.509999999999999787e+00 5.860000000000000320e+00 2.616000000000000014e+01 6.618999999999999773e+01 9.759999999999999787e+00 6.019999999999999574e+00 1.799999999999999864e-02 1.764999999999999902e-01 1.900000000000000022e-01 2.300000000000000100e-01 4.500000000000000000e+01
2.999999999999999889e-02 2.000000000000000042e-02 5.019999999999999574e+00 8.570000000000000284e+00 5.678999999999999915e+01 7.029999999999999716e+01 7.700000000000000178e-01 6.929999999999999716e+00 1.299999999999999940e-02 2.543900000000000050e-01 2.600000000000000089e-01 3.400000000000000244e-01 4.900000000000000000e+01
2.000000000000000042e-02 4.000000000000000083e-02 5.509999999999999787e+00 2.939999999999999947e+00 1.639999999999999858e+01 2.507000000000000028e+01 5.559999999999999609e+00 6.440000000000000391e+00 2.199999999999999872e-02 1.797499999999999931e-01 1.900000000000000022e-01 2.200000000000000011e-01 5.300000000000000000e+01
5.000000000000000278e-02 4.299999999999999933e-01 7.349999999999999645e+00 5.019999999999999574e+00 4.071999999999999886e+01 4.802000000000000313e+01 7.360000000000000320e+00 3.750000000000000000e+00 1.299999999999999940e-02 2.293399999999999883e-01 2.399999999999999911e-01 2.899999999999999800e-01 5.500000000000000000e+01
2.999999999999999889e-02 8.000000000000000167e-02 2.850000000000000089e+00 2.700000000000000178e+00 4.864999999999999858e+01 4.914000000000000057e+01 4.139999999999999680e+00 2.379999999999999893e+00 1.099999999999999936e-02 2.288199999999999956e-01 2.399999999999999911e-01 2.999999999999999889e-01 4.800000000000000000e+01
2.999999999999999889e-02 4.400000000000000022e-01 5.040000000000000036e+00 8.279999999999999361e+00 5.732999999999999829e+01 7.565999999999999659e+01 8.759999999999999787e+00 3.140000000000000124e+00 1.299999999999999940e-02 1.003600000000000048e-01 1.100000000000000006e-01 2.099999999999999922e-01 4.900000000000000000e+01
4.000000000000000083e-02 7.000000000000000666e-02 2.790000000000000036e+00 8.839999999999999858e+00 5.515999999999999659e+01 7.351000000000000512e+01 8.769999999999999574e+00 4.519999999999999574e+00 1.099999999999999936e-02 2.805599999999999761e-01 2.899999999999999800e-01 3.599999999999999867e-01 4.900000000000000000e+01
4.000000000000000083e-02 1.600000000000000033e-01 4.459999999999999964e+00 5.150000000000000355e+00 4.360000000000000142e+01 7.321999999999999886e+01 3.750000000000000000e+00 5.629999999999999893e+00 1.799999999999999864e-02 2.011499999999999955e-01 2.099999999999999922e-01 2.800000000000000266e-01 6.200000000000000000e+01
1.000000000000000021e-02 5.999999999999999778e-02 9.320000000000000284e+00 3.089999999999999858e+00 6.335000000000000142e+01 7.809000000000000341e+01 3.819999999999999840e+00 6.360000000000000320e+00 1.200000000000000025e-02 9.611999999999999711e-02 1.100000000000000006e-01 2.099999999999999922e-01 4.400000000000000000e+01
5.000000000000000278e-02 1.799999999999999933e-01 3.759999999999999787e+00 9.470000000000000639e+00 5.132000000000000028e+01 7.304000000000000625e+01 3.060000000000000053e+00 5.900000000000000355e+00 1.499999999999999944e-02 2.852700000000000236e-01 2.899999999999999800e-01 3.599999999999999867e-01 5.500000000000000000e+01
2.999999999999999889e-02 4.299999999999999933e-01 9.890000000000000568e+00 2.120000000000000107e+00 2.621000000000000085e+01 3.740999999999999659e+01 3.669999999999999929e+00 6.599999999999999645e+00 1.700000000000000122e-02 2.474399999999999933e-01 2.500000000000000000e-01 2.899999999999999800e-01 4.800000000000000000e+01
5.000000000000000278e-02 3.599999999999999867e-01 1.120000000000000107e+00 3.450000000000000178e+00 7.940999999999999659e+01 3.850000000000000000e+01 4.110000000000000320e+00 2.709999999999999964e+00 1.799999999999999864e-02 1.623300000000000021e-01 1.799999999999999933e-01 2.999999999999999889e-01 5.600000000000000000e+01
2.999999999999999889e-02 4.699999999999999734e-01 5.509999999999999787e+00 8.990000000000000213e+00 6.304999999999999716e+01 5.582000000000000028e+01 9.019999999999999574e+00 4.179999999999999716e+00 2.000000000000000042e-02 5.353999999999999732e-02 8.000000000000000167e-02 1.900000000000000022e-01 5.700000000000000000e+01
1.000000000000000021e-02 3.800000000000000044e-01 3.149999999999999911e+00 9.169999999999999929e+00 6.753000000000000114e+01 3.782000000000000028e+01 7.790000000000000036e+00 5.820000000000000284e+00 2.199999999999999872e-02 9.481000000000000538e-02 1.199999999999999956e-01 2.399999999999999911e-01 4.300000000000000000e+01
4.000000000000000083e-02 4.099999999999999756e-01 1.989999999999999991e+00 2.939999999999999947e+00 5.734000000000000341e+01 7.973999999999999488e+01 8.750000000000000000e+00 3.649999999999999911e+00 1.700000000000000122e-02 1.419700000000000129e-01 1.600000000000000033e-01 2.600000000000000089e-01 5.800000000000000000e+01
2.999999999999999889e-02 2.600000000000000089e-01 1.560000000000000053e+00 9.189999999999999503e+00 3.667000000000000171e+01 6.403000000000000114e+01 8.070000000000000284e+00 3.390000000000000124e+00 1.099999999999999936e-02 1.189100000000000018e-01 1.300000000000000044e-01 2.200000000000000011e-01 5.100000000000000000e+01
1.000000000000000021e-02 3.300000000000000155e-01 8.000000000000000000e+00 2.640000000000000124e+00 1.457000000000000028e+01 6.150999999999999801e+01 5.870000000000000107e+00 5.349999999999999645e+00 1.700000000000000122e-02 9.830000000000000196e-03 2.000000000000000042e-02 7.000000000000000666e-02 4.500000000000000000e+01
5.000000000000000278e-02 1.900000000000000022e-01 2.740000000000000213e+00 3.029999999999999805e+00 6.082999999999999829e+01 6.271999999999999886e+01 7.500000000000000000e+00 3.700000000000000178e+00 2.199999999999999872e-02 2.621200000000000196e-01 2.800000000000000266e-01 3.599999999999999867e-01 6.300000000000000000e+01
2.999999999999999889e-02 4.099999999999999756e-01 8.230000000000000426e+00 4.549999999999999822e+00 3.051000000000000156e+01 4.978000000000000114e+01 8.999999999999999667e-02 5.990000000000000213e+00 1.400000000000000029e-02 2.700799999999999867e-01 2.700000000000000178e-01 3.200000000000000067e-01 5.600000000000000000e+01
2.000000000000000042e-02 1.199999999999999956e-01 8.589999999999999858e+00 5.179999999999999716e+00 1.864999999999999858e+01 6.706999999999999318e+01 8.910000000000000142e+00 4.379999999999999893e+00 1.400000000000000029e-02 2.718999999999999750e-01 2.700000000000000178e-01 3.099999999999999978e-01 4.800000000000000000e+01
5.000000000000000278e-02 8.999999999999999667e-02 6.019999999999999574e+00 2.279999999999999805e+00 2.785999999999999943e+01 3.954999999999999716e+01 2.520000000000000018e+00 6.360000000000000320e+00 1.299999999999999940e-02 1.350699999999999956e-01 1.400000000000000133e-01 1.900000000000000022e-01 5.800000000000000000e+01
2.999999999999999889e-02 1.100000000000000006e-01 4.200000000000000178e+00 4.589999999999999858e+00 1.635999999999999943e+01 4.017000000000000171e+01 7.360000000000000320e+00 3.740000000000000213e+00 1.700000000000000122e-02 6.598999999999999311e-02 8.000000000000000167e-02 1.100000000000000006e-01 4.900000000000000000e+01
4.000000000000000083e-02 1.400000000000000133e-01 6.300000000000000044e-01 4.639999999999999680e+00 2.285999999999999943e+01 2.892999999999999972e+01 8.359999999999999432e+00 4.679999999999999716e+00 2.100000000000000130e-02 2.780500000000000194e-01 2.899999999999999800e-01 4.000000000000000222e-01 6.100000000000000000e+01
5.000000000000000278e-02 2.200000000000000011e-01 3.870000000000000107e+00 4.219999999999999751e+00 2.610000000000000142e+01 4.546000000000000085e+01 5.309999999999999609e+00 4.870000000000000107e+00 2.100000000000000130e-02 2.465600000000000014e-01 2.500000000000000000e-01 2.899999999999999800e-01 5.300000000000000000e+01
2.999999999999999889e-02 4.099999999999999756e-01 2.529999999999999805e+00 7.759999999999999787e+00 4.200000000000000000e+01 6.798000000000000398e+01 9.419999999999999929e+00 2.209999999999999964e+00 1.499999999999999944e-02 8.445999999999999341e-02 1.000000000000000056e-01 1.799999999999999933e-01 5.700000000000000000e+01
2.000000000000000042e-02 3.400000000000000244e-01 5.740000000000000213e+00 8.669999999999999929e+00 2.492000000000000171e+01 5.600000000000000000e+01 5.349999999999999645e+00 3.879999999999999893e+00 2.199999999999999872e-02 9.772999999999999743e-02 1.100000000000000006e-01 1.600000000000000033e-01 4.700000000000000000e+01
2.000000000000000042e-02 3.300000000000000155e-01 4.330000000000000071e+00 4.610000000000000320e+00 3.539999999999999858e+01 7.967000000000000171e+01 1.000000000000000000e+00 3.060000000000000053e+00 1.600000000000000033e-02 2.509700000000000264e-01 2.600000000000000089e-01 3.099999999999999978e-01 4.700000000000000000e+01
5.000000000000000278e-02 2.300000000000000100e-01 5.410000000000000142e+00 8.230000000000000426e+00 2.683999999999999986e+01 4.671999999999999886e+01 5.790000000000000036e+00 3.379999999999999893e+00 2.199999999999999872e-02 1.521399999999999975e-01 1.600000000000000033e-01 2.099999999999999922e-01 7.800000000000000000e+01
2.000000000000000042e-02 3.200000000000000067e-01 1.199999999999999956e+00 6.950000000000000178e+00 4.503999999999999915e+01 2.775000000000000000e+01 8.380000000000000782e+00 5.650000000000000355e+00 2.299999999999999961e-02 1.062000000000000027e-01 1.300000000000000044e-01 2.600000000000000089e-01 6.000000000000000000e+01
2.999999999999999889e-02 1.400000000000000133e-01 5.629999999999999893e+00 4.379999999999999893e+00 7.040999999999999659e+01 6.476999999999999602e+01 1.760000000000000009e+00 2.529999999999999805e+00 2.000000000000000042e-02 2.623199999999999976e-01 2.800000000000000266e-01 3.699999999999999956e-01 5.600000000000000000e+01
2.000000000000000042e-02 3.499999999999999778e-01 5.320000000000000284e+00 4.190000000000000391e+00 4.439999999999999858e+01 5.997999999999999687e+01 1.000000000000000000e+00 6.209999999999999964e+00 1.799999999999999864e-02 1.402200000000000113e-01 1.499999999999999944e-01 2.300000000000000100e-01 5.600000000000000000e+01
1.000000000000000021e-02 3.800000000000000044e-01 4.099999999999999645e+00 4.639999999999999680e+00 1.851999999999999957e+01 3.474000000000000199e+01 7.900000000000000355e-01 4.230000000000000426e+00 2.299999999999999961e-02 1.628699999999999870e-01 1.700000000000000122e-01 2.099999999999999922e-01 4.700000000000000000e+01
2.999999999999999889e-02 1.700000000000000122e-01 9.849999999999999645e+00 5.080000000000000071e+00 5.567999999999999972e+01 4.078999999999999915e+01 2.430000000000000160e+00 2.410000000000000142e+00 2.100000000000000130e-02 2.335599999999999898e-01 2.500000000000000000e-01 3.300000000000000155e-01 6.000000000000000000e+01
2.000000000000000042e-02 1.100000000000000006e-01 6.139999999999999680e+00 6.160000000000000142e+00 6.264000000000000057e+01 4.164999999999999858e+01 3.040000000000000036e+00 4.860000000000000320e+00 1.799999999999999864e-02 1.188499999999999973e-01 1.400000000000000133e-01 2.399999999999999911e-01 5.300000000000000000e+01
1.000000000000000021e-02 3.499999999999999778e-01 7.080000000000000071e+00 6.700000000000000178e+00 1.368999999999999950e+01 4.189000000000000057e+01 4.429999999999999716e+00 3.419999999999999929e+00 2.199999999999999872e-02 1.649599999999999955e-01 1.700000000000000122e-01 2.000000000000000111e-01 4.800000000000000000e+01
5.000000000000000278e-02 4.299999999999999933e-01 7.099999999999999645e-01 2.200000000000000178e+00 3.268999999999999773e+01 7.168999999999999773e+01 7.240000000000000213e+00 4.929999999999999716e+00 1.899999999999999953e-02 1.115700000000000025e-01 1.300000000000000044e-01 2.600000000000000089e-01 6.000000000000000000e+01
1.000000000000000021e-02 2.399999999999999911e-01 4.009999999999999787e+00 9.789999999999999147e+00 6.660999999999999943e+01 3.603999999999999915e+01 6.000000000000000000e+00 5.110000000000000320e+00 1.600000000000000033e-02 2.183199999999999863e-01 2.300000000000000100e-01 3.300000000000000155e-01 4.700000000000000000e+01
2.999999999999999889e-02 3.099999999999999978e-01 1.699999999999999956e+00 3.609999999999999876e+00 5.340999999999999659e+01 4.781000000000000227e+01 6.900000000000000355e+00 2.529999999999999805e+00 2.299999999999999961e-02 2.775000000000000244e-01 2.999999999999999889e-01 3.900000000000000133e-01 6.400000000000000000e+01
1.000000000000000021e-02 5.000000000000000278e-02 6.580000000000000071e+00 7.559999999999999609e+00 6.607999999999999829e+01 7.345999999999999375e+01 3.490000000000000213e+00 2.149999999999999911e+00 2.000000000000000042e-02 2.726700000000000235e-01 2.899999999999999800e-01 3.800000000000000044e-01 4.400000000000000000e+01
2.999999999999999889e-02 2.200000000000000011e-01 5.450000000000000178e+00 2.819999999999999840e+00 8.259999999999999432e+01 3.289000000000000057e+01 6.929999999999999716e+00 6.459999999999999964e+00 1.799999999999999864e-02 6.219999999999999835e-02 8.999999999999999667e-02 2.200000000000000011e-01 5.200000000000000000e+01
1.000000000000000021e-02 2.700000000000000178e-01 4.589999999999999858e+00 7.059999999999999609e+00 7.225000000000000000e+01 5.265999999999999659e+01 5.769999999999999574e+00 5.900000000000000355e+00 1.400000000000000029e-02 2.989600000000000035e-01 3.099999999999999978e-01 4.000000000000000222e-01 4.500000000000000000e+01
1.000000000000000021e-02 3.400000000000000244e-01 7.870000000000000107e+00 7.509999999999999787e+00 1.746999999999999886e+01 5.934000000000000341e+01 5.580000000000000071e+00 6.469999999999999751e+00 1.499999999999999944e-02 1.247400000000000037e-01 1.300000000000000044e-01 1.700000000000000122e-01 4.500000000000000000e+01
2.999999999999999889e-02 3.400000000000000244e-01 4.570000000000000284e+00 5.780000000000000249e+00 3.272999999999999687e+01 6.317999999999999972e+01 4.370000000000000107e+00 4.830000000000000071e+00 2.199999999999999872e-02 2.217000000000000082e-01 2.300000000000000100e-01 2.800000000000000266e-01 4.900000000000000000e+01
4.000000000000000083e-02 2.399999999999999911e-01 9.259999999999999787e+00 2.850000000000000089e+00 9.679999999999999716e+00 4.109000000000000341e+01 3.060000000000000053e+00 4.940000000000000391e+00 1.299999999999999940e-02 2.237000000000000099e-01 2.200000000000000011e-01 2.399999999999999911e-01 5.200000000000000000e+01
2.999999999999999889e-02 8.000000000000000167e-02 3.000000000000000000e+00 6.200000000000000178e+00 1.169999999999999929e+01 6.289000000000000057e+01 2.850000000000000089e+00 4.500000000000000000e+00 1.499999999999999944e-02 2.461599999999999899e-01 2.500000000000000000e-01 2.899999999999999800e-01 1.240000000000000000e+02
1.000000000000000021e-02 2.300000000000000100e-01 3.799999999999999822e+00 3.370000000000000107e+00 3.146999999999999886e+01 3.200000000000000000e+01 5.040000000000000036e+00 6.700000000000000178e+00 1.200000000000000025e-02 1.137100000000000055e-01 1.199999999999999956e-01 1.799999999999999933e-01 4.800000000000000000e+01
1.000000000000000021e-02 5.000000000000000000e-01 6.900000000000000355e+00 2.410000000000000142e+00 7.317000000000000171e+01 6.959000000000000341e+01 3.200000000000000178e+00 2.450000000000000178e+00 1.700000000000000122e-02 2.153799999999999881e-01 2.300000000000000100e-01 3.300000000000000155e-01 4.700000000000000000e+01
1.000000000000000021e-02 1.400000000000000133e-01 2.020000000000000018e+00 7.080000000000000071e+00 4.160000000000000142e+01 7.170999999999999375e+01 7.469999999999999751e+00 2.669999999999999929e+00 2.100000000000000130e-02 2.055999999999999842e-02 5.000000000000000278e-02 1.700000000000000122e-01 6.000000000000000000e+01
2.999999999999999889e-02 1.900000000000000022e-01 4.450000000000000178e+00 3.830000000000000071e+00 8.012000000000000455e+01 5.032000000000000028e+01 8.250000000000000000e+00 4.530000000000000249e+00 2.299999999999999961e-02 4.755999999999999811e-02 8.000000000000000167e-02 2.200000000000000011e-01 5.700000000000000000e+01
4.000000000000000083e-02 2.300000000000000100e-01 5.629999999999999893e+00 7.589999999999999858e+00 5.939000000000000057e+01 5.342000000000000171e+01 3.919999999999999929e+00 5.480000000000000426e+00 1.899999999999999953e-02 1.067199999999999954e-01 1.300000000000000044e-01 2.200000000000000011e-01 5.900000000000000000e+01
1.000000000000000021e-02 2.600000000000000089e-01 5.400000000000000355e-01 5.000000000000000000e+00 3.849000000000000199e+01 5.253999999999999915e+01 3.040000000000000036e+00 6.980000000000000426e+00 1.099999999999999936e-02 1.306799999999999906e-01 1.400000000000000133e-01 2.700000000000000178e-01 4.300000000000000000e+01
4.000000000000000083e-02 2.200000000000000011e-01 9.220000000000000639e+00 5.849999999999999645e+00 4.095000000000000284e+01 6.318999999999999773e+01 4.030000000000000249e+00 4.669999999999999929e+00 1.400000000000000029e-02 6.615999999999999659e-02 8.000000000000000167e-02 1.600000000000000033e-01 5.400000000000000000e+01
1.000000000000000021e-02 4.799999999999999822e-01 5.160000000000000142e+00 7.900000000000000355e+00 2.673000000000000043e+01 4.232999999999999829e+01 1.600000000000000089e+00 6.799999999999999822e+00 2.000000000000000042e-02 1.557199999999999973e-01 1.700000000000000122e-01 2.200000000000000011e-01 4.500000000000000000e+01
2.000000000000000042e-02 2.000000000000000042e-02 2.069999999999999840e+00 9.769999999999999574e+00 6.260999999999999943e+01 6.879999999999999716e+01 1.110000000000000098e+00 4.690000000000000391e+00 1.899999999999999953e-02 2.527599999999999847e-01 2.700000000000000178e-01 3.599999999999999867e-01 5.700000000000000000e+01
1.000000000000000021e-02 3.300000000000000155e-01 4.230000000000000426e+00 6.910000000000000142e+00 1.917000000000000171e+01 4.139999999999999858e+01 8.890000000000000568e+00 2.370000000000000107e+00 1.700000000000000122e-02 2.139800000000000035e-01 2.200000000000000011e-01 2.600000000000000089e-01 4.500000000000000000e+01
