1.000000000000000021e-02 3.099999999999999978e-01 5.440000000000000391e+00 2.200000000000000178e+00 6.103000000000000114e+01 3.025000000000000000e+01 2.620000000000000107e+00 4.820000000000000284e+00 1.299999999999999940e-02 2.265000000000000069e-01 2.399999999999999911e-01 3.200000000000000067e-01 4.500000000000000000e+01
2.000000000000000042e-02 1.100000000000000006e-01 2.250000000000000000e+00 7.809999999999999609e+00 6.860999999999999943e+01 7.068999999999999773e+01 3.370000000000000107e+00 5.940000000000000391e+00 1.299999999999999940e-02 5.090000000000000080e-02 7.000000000000000666e-02 1.900000000000000022e-01 4.600000000000000000e+01
2.000000000000000042e-02 2.000000000000000042e-02 5.290000000000000036e+00 9.550000000000000711e+00 5.896999999999999886e+01 2.596000000000000085e+01 3.240000000000000213e+00 2.479999999999999982e+00 1.799999999999999864e-02 2.349999999999999867e-01 2.500000000000000000e-01 3.300000000000000155e-01 5.300000000000000000e+01
2.000000000000000042e-02 3.099999999999999978e-01 5.660000000000000142e+00 4.570000000000000284e+00 6.042999999999999972e+01 2.632999999999999829e+01 3.500000000000000000e+00 2.020000000000000018e+00 1.099999999999999936e-02 2.046900000000000108e-01 2.099999999999999922e-01 2.600000000000000089e-01 6.400000000000000000e+01
2.000000000000000042e-02 3.200000000000000067e-01 8.519999999999999574e+00 9.810000000000000497e+00 1.280000000000000071e+01 3.488000000000000256e+01 4.240000000000000213e+00 4.940000000000000391e+00 2.100000000000000130e-02 1.393000000000000071e-01 1.499999999999999944e-01 1.700000000000000122e-01 1.270000000000000000e+02
2.999999999999999889e-02 5.999999999999999778e-02 1.250000000000000000e+00 4.059999999999999609e+00 5.142000000000000171e+01 7.798999999999999488e+01 2.700000000000000178e-01 6.599999999999999645e+00 1.700000000000000122e-02 1.927500000000000047e-01 2.099999999999999922e-01 3.200000000000000067e-01 5.500000000000000000e+01
4.000000000000000083e-02 4.799999999999999822e-01 7.589999999999999858e+00 3.069999999999999840e+00 2.035999999999999943e+01 5.539999999999999858e+01 8.109999999999999432e+00 2.709999999999999964e+00 1.499999999999999944e-02 6.494999999999999385e-02 8.000000000000000167e-02 1.199999999999999956e-01 6.400000000000000000e+01
5.000000000000000278e-02 4.899999999999999911e-01 3.790000000000000036e+00 3.930000000000000160e+00 3.770000000000000284e+01 3.133999999999999986e+01 9.919999999999999929e+00 6.940000000000000391e+00 2.000000000000000042e-02 6.356000000000000538e-02 8.000000000000000167e-02 1.499999999999999944e-01 6.600000000000000000e+01
1.000000000000000021e-02 2.399999999999999911e-01 6.179999999999999716e+00 4.160000000000000142e+00 1.143999999999999950e+01 2.723000000000000043e+01 7.639999999999999680e+00 3.240000000000000213e+00 2.299999999999999961e-02 1.678000000000000047e-01 1.799999999999999933e-01 2.000000000000000111e-01 5.100000000000000000e+01
1.000000000000000021e-02 2.200000000000000011e-01 8.779999999999999361e+00 3.660000000000000142e+00 4.517000000000000171e+01 2.544000000000000128e+01 2.270000000000000018e+00 4.299999999999999822e+00 1.899999999999999953e-02 1.526800000000000102e-01 1.700000000000000122e-01 2.399999999999999911e-01 4.300000000000000000e+01
1.000000000000000021e-02 2.000000000000000111e-01 2.399999999999999911e-01 5.799999999999999822e+00 4.557999999999999829e+01 5.721999999999999886e+01 1.409999999999999920e+00 5.740000000000000213e+00 1.600000000000000033e-02 2.605899999999999883e-01 2.800000000000000266e-01 4.000000000000000222e-01 4.600000000000000000e+01
4.000000000000000083e-02 2.999999999999999889e-01 1.050000000000000044e+00 4.990000000000000213e+00 1.850000000000000000e+01 7.109000000000000341e+01 9.720000000000000639e+00 6.049999999999999822e+00 2.199999999999999872e-02 2.071399999999999908e-01 2.300000000000000100e-01 3.200000000000000067e-01 6.700000000000000000e+01
2.000000000000000042e-02 3.200000000000000067e-01 1.020000000000000018e+00 4.709999999999999964e+00 2.812000000000000099e+01 4.422999999999999687e+01 3.680000000000000160e+00 4.030000000000000249e+00 1.799999999999999864e-02 1.224100000000000049e-01 1.400000000000000133e-01 2.600000000000000089e-01 5.600000000000000000e+01
2.000000000000000042e-02 3.200000000000000067e-01 5.940000000000000391e+00 9.519999999999999574e+00 3.770000000000000284e+01 2.864000000000000057e+01 3.490000000000000213e+00 6.240000000000000213e+00 1.799999999999999864e-02 2.909700000000000064e-01 2.999999999999999889e-01 3.499999999999999778e-01 4.600000000000000000e+01
1.000000000000000021e-02 3.499999999999999778e-01 5.669999999999999929e+00 3.560000000000000053e+00 4.388000000000000256e+01 2.828000000000000114e+01 1.489999999999999991e+00 5.559999999999999609e+00 1.299999999999999940e-02 9.941999999999999449e-02 1.100000000000000006e-01 1.900000000000000022e-01 4.600000000000000000e+01
1.000000000000000021e-02 4.000000000000000222e-01 9.390000000000000568e+00 7.299999999999999822e+00 8.209999999999999432e+01 3.696000000000000085e+01 7.799999999999999822e+00 2.330000000000000071e+00 1.299999999999999940e-02 2.216700000000000059e-01 2.300000000000000100e-01 3.400000000000000244e-01 4.300000000000000000e+01
2.999999999999999889e-02 3.599999999999999867e-01 5.660000000000000142e+00 2.910000000000000142e+00 6.419999999999999929e+00 4.702000000000000313e+01 1.879999999999999893e+00 5.089999999999999858e+00 1.299999999999999940e-02 6.671000000000000540e-02 7.000000000000000666e-02 8.999999999999999667e-02 5.000000000000000000e+01
1.000000000000000021e-02 1.199999999999999956e-01 1.780000000000000027e+00 4.150000000000000355e+00 4.899000000000000199e+01 6.479000000000000625e+01 7.830000000000000071e+00 4.269999999999999574e+00 1.299999999999999940e-02 1.980699999999999961e-01 2.099999999999999922e-01 2.999999999999999889e-01 4.900000000000000000e+01
1.000000000000000021e-02 8.000000000000000167e-02 5.889999999999999680e+00 4.650000000000000355e+00 6.053000000000000114e+01 6.587000000000000455e+01 4.059999999999999609e+00 4.719999999999999751e+00 1.899999999999999953e-02 2.004199999999999871e-01 2.200000000000000011e-01 2.999999999999999889e-01 4.300000000000000000e+01
2.999999999999999889e-02 3.499999999999999778e-01 1.090000000000000080e+00 6.679999999999999716e+00 6.556000000000000227e+01 5.877000000000000313e+01 2.359999999999999876e+00 2.549999999999999822e+00 2.199999999999999872e-02 7.482999999999999374e-02 1.000000000000000056e-01 2.500000000000000000e-01 5.800000000000000000e+01
1.000000000000000021e-02 3.599999999999999867e-01 1.760000000000000009e+00 2.680000000000000160e+00 3.740999999999999659e+01 5.557999999999999829e+01 2.099999999999999922e-01 6.700000000000000178e+00 1.400000000000000029e-02 2.498400000000000065e-01 2.600000000000000089e-01 3.400000000000000244e-01 5.200000000000000000e+01
2.999999999999999889e-02 2.200000000000000011e-01 2.060000000000000053e+00 3.490000000000000213e+00 6.093999999999999773e+01 3.578999999999999915e+01 3.910000000000000142e+00 4.209999999999999964e+00 1.600000000000000033e-02 8.651000000000000356e-02 1.100000000000000006e-01 2.200000000000000011e-01 5.400000000000000000e+01
1.000000000000000021e-02 3.099999999999999978e-01 9.359999999999999432e+00 9.509999999999999787e+00 6.125000000000000000e+01 4.359000000000000341e+01 9.410000000000000142e+00 3.979999999999999982e+00 1.499999999999999944e-02 1.894299999999999873e-01 2.000000000000000111e-01 2.899999999999999800e-01 4.600000000000000000e+01
4.000000000000000083e-02 1.100000000000000006e-01 4.820000000000000284e+00 2.509999999999999787e+00 6.334000000000000341e+01 4.322999999999999687e+01 7.200000000000000178e+00 4.120000000000000107e+00 1.799999999999999864e-02 1.818700000000000039e-01 2.000000000000000111e-01 2.899999999999999800e-01 5.600000000000000000e+01
4.000000000000000083e-02 1.000000000000000021e-02 4.969999999999999751e+00 9.220000000000000639e+00 5.892999999999999972e+01 5.775999999999999801e+01 1.350000000000000089e+00 6.740000000000000213e+00 1.499999999999999944e-02 1.559800000000000075e-01 1.700000000000000122e-01 2.600000000000000089e-01 5.300000000000000000e+01
1.000000000000000021e-02 3.699999999999999956e-01 2.399999999999999911e+00 2.970000000000000195e+00 5.978999999999999915e+01 2.503000000000000114e+01 2.800000000000000266e-01 6.629999999999999893e+00 2.299999999999999961e-02 2.096699999999999953e-01 2.300000000000000100e-01 2.899999999999999800e-01 9.300000000000000000e+01
4.000000000000000083e-02 3.800000000000000044e-01 7.199999999999999734e-01 9.269999999999999574e+00 7.456999999999999318e+01 6.489000000000000057e+01 9.240000000000000213e+00 5.480000000000000426e+00 1.299999999999999940e-02 2.277200000000000057e-01 2.399999999999999911e-01 3.499999999999999778e-01 4.900000000000000000e+01
1.000000000000000021e-02 8.000000000000000167e-02 8.130000000000000782e+00 7.839999999999999858e+00 3.311999999999999744e+01 2.691000000000000014e+01 2.200000000000000178e+00 3.129999999999999893e+00 1.200000000000000025e-02 1.907000000000000015e-02 2.999999999999999889e-02 1.100000000000000006e-01 4.600000000000000000e+01
2.000000000000000042e-02 1.900000000000000022e-01 3.839999999999999858e+00 6.740000000000000213e+00 4.357999999999999829e+01 5.332999999999999829e+01 8.230000000000000426e+00 3.459999999999999964e+00 1.400000000000000029e-02 1.023300000000000043e-01 1.100000000000000006e-01 1.900000000000000022e-01 5.000000000000000000e+01
2.999999999999999889e-02 2.700000000000000178e-01 8.609999999999999432e+00 3.270000000000000018e+00 8.462999999999999545e+01 3.128999999999999915e+01 8.589999999999999858e+00 4.400000000000000355e+00 1.499999999999999944e-02 1.940099999999999880e-01 2.099999999999999922e-01 3.200000000000000067e-01 4.900000000000000000e+01
4.000000000000000083e-02 3.200000000000000067e-01 9.230000000000000426e+00 4.980000000000000426e+00 4.167000000000000171e+01 7.300000000000000000e+01 8.299999999999999600e-01 3.339999999999999858e+00 1.200000000000000025e-02 2.225600000000000078e-01 2.300000000000000100e-01 2.899999999999999800e-01 5.200000000000000000e+01
2.000000000000000042e-02 3.900000000000000133e-01 9.699999999999999734e-01 7.469999999999999751e+00 6.629999999999999893e+00 7.285999999999999943e+01 8.240000000000000213e+00 6.150000000000000355e+00 1.400000000000000029e-02 1.245799999999999963e-01 1.400000000000000133e-01 2.500000000000000000e-01 5.200000000000000000e+01
2.000000000000000042e-02 2.300000000000000100e-01 4.899999999999999911e-01 7.070000000000000284e+00 5.560999999999999943e+01 6.706000000000000227e+01 5.429999999999999716e+00 5.950000000000000178e+00 2.000000000000000042e-02 4.499999999999999660e-03 4.000000000000000083e-02 2.200000000000000011e-01 5.000000000000000000e+01
1.000000000000000021e-02 1.600000000000000033e-01 4.969999999999999751e+00 4.110000000000000320e+00 6.523000000000000398e+01 6.779000000000000625e+01 9.869999999999999218e+00 4.900000000000000355e+00 1.499999999999999944e-02 1.927200000000000024e-01 2.099999999999999922e-01 2.999999999999999889e-01 4.700000000000000000e+01
2.000000000000000042e-02 3.900000000000000133e-01 3.490000000000000213e+00 2.720000000000000195e+00 5.925999999999999801e+01 5.000999999999999801e+01 7.129999999999999893e+00 3.229999999999999982e+00 1.299999999999999940e-02 2.255999999999999950e-01 2.399999999999999911e-01 3.200000000000000067e-01 4.700000000000000000e+01
2.999999999999999889e-02 1.900000000000000022e-01 6.019999999999999574e+00 5.769999999999999574e+00 5.280000000000000249e+00 7.596999999999999886e+01 3.740000000000000213e+00 5.110000000000000320e+00 1.299999999999999940e-02 2.202000000000000138e-02 2.999999999999999889e-02 5.000000000000000278e-02 5.000000000000000000e+01
4.000000000000000083e-02 1.700000000000000122e-01 9.720000000000000639e+00 4.299999999999999822e+00 4.290999999999999659e+01 6.384000000000000341e+01 3.330000000000000071e+00 3.250000000000000000e+00 1.700000000000000122e-02 2.539399999999999991e-01 2.600000000000000089e-01 3.200000000000000067e-01 5.900000000000000000e+01
2.999999999999999889e-02 4.099999999999999756e-01 7.280000000000000249e+00 9.919999999999999929e+00 7.890000000000000568e+01 3.900000000000000000e+01 6.759999999999999787e+00 2.680000000000000160e+00 1.299999999999999940e-02 2.184899999999999898e-01 2.300000000000000100e-01 3.300000000000000155e-01 4.800000000000000000e+01
2.000000000000000042e-02 1.600000000000000033e-01 8.100000000000000533e-01 7.709999999999999964e+00 9.839999999999999858e+00 3.005999999999999872e+01 3.180000000000000160e+00 2.540000000000000036e+00 1.600000000000000033e-02 7.559000000000000441e-02 1.000000000000000056e-01 2.200000000000000011e-01 5.300000000000000000e+01
1.000000000000000021e-02 2.399999999999999911e-01 3.200000000000000178e+00 5.519999999999999574e+00 8.423000000000000398e+01 7.109999999999999432e+01 3.350000000000000089e+00 6.559999999999999609e+00 1.600000000000000033e-02 3.048999999999999974e-02 5.000000000000000278e-02 2.099999999999999922e-01 4.500000000000000000e+01
4.000000000000000083e-02 2.899999999999999800e-01 5.559999999999999609e+00 2.410000000000000142e+00 3.051999999999999957e+01 6.815000000000000568e+01 9.529999999999999361e+00 3.020000000000000018e+00 2.299999999999999961e-02 1.846099999999999963e-01 2.000000000000000111e-01 2.500000000000000000e-01 7.500000000000000000e+01
4.000000000000000083e-02 5.999999999999999778e-02 1.610000000000000098e+00 3.270000000000000018e+00 3.970000000000000284e+01 7.106000000000000227e+01 9.009999999999999787e+00 6.480000000000000426e+00 2.000000000000000042e-02 5.099999999999999672e-02 8.000000000000000167e-02 1.900000000000000022e-01 6.400000000000000000e+01
2.999999999999999889e-02 2.300000000000000100e-01 8.679999999999999716e+00 6.080000000000000071e+00 8.476999999999999602e+01 7.354999999999999716e+01 5.059999999999999609e+00 4.669999999999999929e+00 1.200000000000000025e-02 2.768700000000000050e-01 2.899999999999999800e-01 3.900000000000000133e-01 4.600000000000000000e+01
2.000000000000000042e-02 3.800000000000000044e-01 6.309999999999999609e+00 8.339999999999999858e+00 2.369999999999999929e+01 6.818000000000000682e+01 3.850000000000000089e+00 5.330000000000000071e+00 2.100000000000000130e-02 1.840799999999999936e-01 1.900000000000000022e-01 2.399999999999999911e-01 4.800000000000000000e+01
4.000000000000000083e-02 7.000000000000000666e-02 1.030000000000000027e+00 7.919999999999999929e+00 8.495999999999999375e+01 7.618000000000000682e+01 1.469999999999999973e+00 6.080000000000000071e+00 1.700000000000000122e-02 2.010999999999999940e-02 5.000000000000000278e-02 2.099999999999999922e-01 5.100000000000000000e+01
2.000000000000000042e-02 1.700000000000000122e-01 1.719999999999999973e+00 2.029999999999999805e+00 8.640000000000000568e+00 7.637999999999999545e+01 7.700000000000000178e-01 3.850000000000000089e+00 2.000000000000000042e-02 1.589800000000000102e-01 1.700000000000000122e-01 2.500000000000000000e-01 7.500000000000000000e+01
2.000000000000000042e-02 1.499999999999999944e-01 1.620000000000000107e+00 7.679999999999999716e+00 6.481999999999999318e+01 7.935999999999999943e+01 7.290000000000000036e+00 4.120000000000000107e+00 1.499999999999999944e-02 2.828999999999999918e-02 5.000000000000000278e-02 2.000000000000000111e-01 4.900000000000000000e+01
5.000000000000000278e-02 2.700000000000000178e-01 5.160000000000000142e+00 5.549999999999999822e+00 8.303000000000000114e+01 4.357999999999999829e+01 8.099999999999999645e+00 4.019999999999999574e+00 1.499999999999999944e-02 6.611999999999999822e-02 8.999999999999999667e-02 2.200000000000000011e-01 5.100000000000000000e+01
2.999999999999999889e-02 1.000000000000000056e-01 1.750000000000000000e+00 7.349999999999999645e+00 6.959000000000000341e+01 4.728999999999999915e+01 9.820000000000000284e+00 2.279999999999999805e+00 1.200000000000000025e-02 2.119000000000000050e-02 4.000000000000000083e-02 1.799999999999999933e-01 4.800000000000000000e+01
1.000000000000000021e-02 2.000000000000000111e-01 6.099999999999999867e-01 5.299999999999999822e+00 4.942999999999999972e+01 6.562000000000000455e+01 1.400000000000000133e-01 5.570000000000000284e+00 1.400000000000000029e-02 1.388999999999999957e-02 4.000000000000000083e-02 2.099999999999999922e-01 4.500000000000000000e+01
1.000000000000000021e-02 1.600000000000000033e-01 4.080000000000000071e+00 7.790000000000000036e+00 8.067000000000000171e+01 6.096999999999999886e+01 4.349999999999999645e+00 3.049999999999999822e+00 2.299999999999999961e-02 2.799999999999999755e-04 4.000000000000000083e-02 2.099999999999999922e-01 4.500000000000000000e+01
2.999999999999999889e-02 2.399999999999999911e-01 5.480000000000000426e+00 7.259999999999999787e+00 8.079999999999999716e+01 7.803000000000000114e+01 9.300000000000000488e-01 4.259999999999999787e+00 2.400000000000000050e-02 2.075100000000000000e-01 2.300000000000000100e-01 3.400000000000000244e-01 5.800000000000000000e+01
1.000000000000000021e-02 3.200000000000000067e-01 9.529999999999999361e+00 5.509999999999999787e+00 6.509999999999999432e+01 3.861999999999999744e+01 9.759999999999999787e+00 2.080000000000000071e+00 2.199999999999999872e-02 2.037299999999999944e-01 2.200000000000000011e-01 3.200000000000000067e-01 4.400000000000000000e+01
4.000000000000000083e-02 1.199999999999999956e-01 9.830000000000000071e+00 2.839999999999999858e+00 4.820000000000000284e+01 7.006000000000000227e+01 5.379999999999999893e+00 4.730000000000000426e+00 1.700000000000000122e-02 1.424600000000000033e-01 1.600000000000000033e-01 2.300000000000000100e-01 5.800000000000000000e+01
5.000000000000000278e-02 2.999999999999999889e-01 2.600000000000000089e+00 7.870000000000000107e+00 2.755999999999999872e+01 6.221000000000000085e+01 6.690000000000000391e+00 6.400000000000000355e+00 1.799999999999999864e-02 2.314599999999999991e-01 2.399999999999999911e-01 2.899999999999999800e-01 9.000000000000000000e+01
2.000000000000000042e-02 2.899999999999999800e-01 4.150000000000000355e+00 7.599999999999999645e+00 3.563000000000000256e+01 6.945999999999999375e+01 8.119999999999999218e+00 5.910000000000000142e+00 1.400000000000000029e-02 2.596100000000000074e-01 2.700000000000000178e-01 3.200000000000000067e-01 5.200000000000000000e+01
4.000000000000000083e-02 2.800000000000000266e-01 8.330000000000000071e+00 2.509999999999999787e+00 5.240000000000000213e+00 3.847999999999999687e+01 9.519999999999999574e+00 6.299999999999999822e+00 2.199999999999999872e-02 5.165000000000000147e-02 5.999999999999999778e-02 8.000000000000000167e-02 6.300000000000000000e+01
5.000000000000000278e-02 4.000000000000000222e-01 9.240000000000000213e+00 6.830000000000000071e+00 5.147999999999999687e+01 4.532000000000000028e+01 9.230000000000000426e+00 3.529999999999999805e+00 2.199999999999999872e-02 2.800300000000000011e-01 2.899999999999999800e-01 3.599999999999999867e-01 6.600000000000000000e+01
2.000000000000000042e-02 1.400000000000000133e-01 6.690000000000000391e+00 4.669999999999999929e+00 1.574000000000000021e+01 2.651999999999999957e+01 5.790000000000000036e+00 6.830000000000000071e+00 1.499999999999999944e-02 2.120999999999999969e-02 2.999999999999999889e-02 8.000000000000000167e-02 6.000000000000000000e+01
2.999999999999999889e-02 1.000000000000000021e-02 2.689999999999999947e+00 5.120000000000000107e+00 8.437999999999999545e+01 3.500999999999999801e+01 9.929999999999999716e+00 4.379999999999999893e+00 2.199999999999999872e-02 6.612999999999999434e-02 1.000000000000000056e-01 2.399999999999999911e-01 5.600000000000000000e+01
4.000000000000000083e-02 2.000000000000000042e-02 3.540000000000000036e+00 8.150000000000000355e+00 6.142000000000000171e+01 5.778000000000000114e+01 7.530000000000000249e+00 2.419999999999999929e+00 1.799999999999999864e-02 1.990899999999999892e-01 2.099999999999999922e-01 2.999999999999999889e-01 5.700000000000000000e+01
1.000000000000000021e-02 2.300000000000000100e-01 7.639999999999999680e+00 7.070000000000000284e+00 2.333999999999999986e+01 7.415000000000000568e+01 9.470000000000000639e+00 3.589999999999999858e+00 1.899999999999999953e-02 1.988399999999999890e-01 2.099999999999999922e-01 2.500000000000000000e-01 4.500000000000000000e+01
1.000000000000000021e-02 1.000000000000000056e-01 1.000000000000000000e+00 8.349999999999999645e+00 4.534000000000000341e+01 6.471999999999999886e+01 1.700000000000000122e-01 2.830000000000000071e+00 1.200000000000000025e-02 2.006100000000000105e-01 2.099999999999999922e-01 3.200000000000000067e-01 4.600000000000000000e+01
5.000000000000000278e-02 2.899999999999999800e-01 2.910000000000000142e+00 5.519999999999999574e+00 5.257999999999999829e+01 6.178000000000000114e+01 5.809999999999999609e+00 3.290000000000000036e+00 2.400000000000000050e-02 2.834000000000000061e-02 5.999999999999999778e-02 1.700000000000000122e-01 6.500000000000000000e+01
4.000000000000000083e-02 2.700000000000000178e-01 2.720000000000000195e+00 8.009999999999999787e+00 6.795999999999999375e+01 6.995000000000000284e+01 8.109999999999999432e+00 2.339999999999999858e+00 1.099999999999999936e-02 2.207000000000000073e-01 2.300000000000000100e-01 3.099999999999999978e-01 4.700000000000000000e+01
5.000000000000000278e-02 3.599999999999999867e-01 3.000000000000000000e+00 7.730000000000000426e+00 4.956000000000000227e+01 3.995000000000000284e+01 2.109999999999999876e+00 2.129999999999999893e+00 1.400000000000000029e-02 6.751000000000000056e-02 8.999999999999999667e-02 1.700000000000000122e-01 5.400000000000000000e+01
5.000000000000000278e-02 2.899999999999999800e-01 3.839999999999999858e+00 4.820000000000000284e+00 4.297999999999999687e+01 6.132000000000000028e+01 9.240000000000000213e+00 6.259999999999999787e+00 2.299999999999999961e-02 2.763700000000000045e-01 2.899999999999999800e-01 3.499999999999999778e-01 7.100000000000000000e+01
4.000000000000000083e-02 4.799999999999999822e-01 4.730000000000000426e+00 4.500000000000000000e+00 2.196000000000000085e+01 7.340999999999999659e+01 3.910000000000000142e+00 2.359999999999999876e+00 1.899999999999999953e-02 1.279700000000000004e-01 1.400000000000000133e-01 1.799999999999999933e-01 5.100000000000000000e+01
1.000000000000000021e-02 1.100000000000000006e-01 3.549999999999999822e+00 4.790000000000000036e+00 7.450000000000000178e+00 4.099000000000000199e+01 2.459999999999999964e+00 4.040000000000000036e+00 2.000000000000000042e-02 1.480599999999999972e-01 1.499999999999999944e-01 1.700000000000000122e-01 1.340000000000000000e+02
4.000000000000000083e-02 3.099999999999999978e-01 5.780000000000000249e+00 4.040000000000000036e+00 2.389999999999999858e+01 3.399000000000000199e+01 3.580000000000000071e+00 3.540000000000000036e+00 1.600000000000000033e-02 2.779499999999999749e-01 2.800000000000000266e-01 3.200000000000000067e-01 6.400000000000000000e+01
2.000000000000000042e-02 2.500000000000000000e-01 8.529999999999999361e+00 3.720000000000000195e+00 7.109999999999999432e+01 2.776999999999999957e+01 6.500000000000000000e+00 4.169999999999999929e+00 1.899999999999999953e-02 1.491999999999999924e-02 4.000000000000000083e-02 1.900000000000000022e-01 5.100000000000000000e+01
4.000000000000000083e-02 4.099999999999999756e-01 2.359999999999999876e+00 8.570000000000000284e+00 7.942000000000000171e+01 7.162000000000000455e+01 4.280000000000000249e+00 4.190000000000000391e+00 2.100000000000000130e-02 2.781500000000000083e-01 2.999999999999999889e-01 4.000000000000000222e-01 5.900000000000000000e+01
1.000000000000000021e-02 3.499999999999999778e-01 5.120000000000000107e+00 3.589999999999999858e+00 6.386999999999999744e+01 7.195000000000000284e+01 7.600000000000000089e-01 6.639999999999999680e+00 1.200000000000000025e-02 2.812399999999999900e-01 2.899999999999999800e-01 3.800000000000000044e-01 4.400000000000000000e+01
2.999999999999999889e-02 8.000000000000000167e-02 8.399999999999999689e-01 8.050000000000000711e+00 1.175999999999999979e+01 5.377000000000000313e+01 2.979999999999999982e+00 3.359999999999999876e+00 1.700000000000000122e-02 3.642999999999999711e-02 5.999999999999999778e-02 2.000000000000000111e-01 5.600000000000000000e+01
2.999999999999999889e-02 4.199999999999999845e-01 1.479999999999999982e+00 5.440000000000000391e+00 3.513000000000000256e+01 7.595000000000000284e+01 8.970000000000000639e+00 4.870000000000000107e+00 1.200000000000000025e-02 1.431600000000000095e-01 1.600000000000000033e-01 2.500000000000000000e-01 5.300000000000000000e+01
2.999999999999999889e-02 2.999999999999999889e-01 3.850000000000000089e+00 5.910000000000000142e+00 3.615999999999999659e+01 5.745000000000000284e+01 2.779999999999999805e+00 6.629999999999999893e+00 1.499999999999999944e-02 2.047899999999999998e-01 2.099999999999999922e-01 2.700000000000000178e-01 5.600000000000000000e+01
5.000000000000000278e-02 4.400000000000000022e-01 1.429999999999999938e+00 4.719999999999999751e+00 3.603000000000000114e+01 3.300000000000000000e+01 2.720000000000000195e+00 3.859999999999999876e+00 2.299999999999999961e-02 2.311499999999999944e-01 2.500000000000000000e-01 3.400000000000000244e-01 7.100000000000000000e+01
2.999999999999999889e-02 3.300000000000000155e-01 8.220000000000000639e+00 7.160000000000000142e+00 5.667999999999999972e+01 3.164000000000000057e+01 6.299999999999999822e+00 3.129999999999999893e+00 1.700000000000000122e-02 2.711999999999999827e-02 5.000000000000000278e-02 1.600000000000000033e-01 5.300000000000000000e+01
5.000000000000000278e-02 1.100000000000000006e-01 4.620000000000000107e+00 5.889999999999999680e+00 4.628999999999999915e+01 5.760999999999999943e+01 4.129999999999999893e+00 2.589999999999999858e+00 2.000000000000000042e-02 2.855800000000000005e-01 2.999999999999999889e-01 3.599999999999999867e-01 6.500000000000000000e+01
5.000000000000000278e-02 4.699999999999999734e-01 1.500000000000000000e+00 3.939999999999999947e+00 6.753000000000000114e+01 7.667000000000000171e+01 6.059999999999999609e+00 4.530000000000000249e+00 1.799999999999999864e-02 1.414100000000000079e-01 1.600000000000000033e-01 2.700000000000000178e-01 5.800000000000000000e+01
2.000000000000000042e-02 4.899999999999999911e-01 7.200000000000000178e+00 7.879999999999999893e+00 3.360000000000000142e+01 7.909999999999999432e+01 6.509999999999999787e+00 3.500000000000000000e+00 1.499999999999999944e-02 5.294999999999999707e-02 7.000000000000000666e-02 1.400000000000000133e-01 5.300000000000000000e+01
4.000000000000000083e-02 1.900000000000000022e-01 3.750000000000000000e+00 6.980000000000000426e+00 6.714000000000000057e+01 4.077000000000000313e+01 1.610000000000000098e+00 3.779999999999999805e+00 1.299999999999999940e-02 2.017299999999999927e-01 2.099999999999999922e-01 2.999999999999999889e-01 5.000000000000000000e+01
1.000000000000000021e-02 1.900000000000000022e-01 9.300000000000000711e+00 6.549999999999999822e+00 3.352000000000000313e+01 2.501000000000000156e+01 8.609999999999999432e+00 2.669999999999999929e+00 1.499999999999999944e-02 1.542600000000000082e-01 1.600000000000000033e-01 2.200000000000000011e-01 4.400000000000000000e+01
2.000000000000000042e-02 3.300000000000000155e-01 2.779999999999999805e+00 6.379999999999999893e+00 4.943999999999999773e+01 3.372999999999999687e+01 7.349999999999999645e+00 4.459999999999999964e+00 2.299999999999999961e-02 1.647899999999999920e-01 1.900000000000000022e-01 2.600000000000000089e-01 4.700000000000000000e+01
1.000000000000000021e-02 3.699999999999999956e-01 3.319999999999999840e+00 8.500000000000000000e+00 5.159000000000000341e+01 7.276000000000000512e+01 6.889999999999999680e+00 6.870000000000000107e+00 1.400000000000000029e-02 2.122799999999999965e-01 2.200000000000000011e-01 2.999999999999999889e-01 4.700000000000000000e+01
4.000000000000000083e-02 1.400000000000000133e-01 6.280000000000000249e+00 7.759999999999999787e+00 4.967999999999999972e+01 7.360999999999999943e+01 2.049999999999999822e+00 4.660000000000000142e+00 1.799999999999999864e-02 2.534899999999999931e-01 2.600000000000000089e-01 3.300000000000000155e-01 5.900000000000000000e+01
2.000000000000000042e-02 2.999999999999999889e-01 8.220000000000000639e+00 6.389999999999999680e+00 1.950000000000000000e+01 2.544999999999999929e+01 7.620000000000000107e+00 2.419999999999999929e+00 2.400000000000000050e-02 9.976000000000000145e-02 1.100000000000000006e-01 1.600000000000000033e-01 5.000000000000000000e+01
2.999999999999999889e-02 1.300000000000000044e-01 8.960000000000000853e+00 3.500000000000000000e+00 7.207999999999999829e+01 7.562000000000000455e+01 7.950000000000000178e+00 4.610000000000000320e+00 2.000000000000000042e-02 2.997299999999999964e-01 3.099999999999999978e-01 4.099999999999999756e-01 5.500000000000000000e+01
2.999999999999999889e-02 4.500000000000000111e-01 3.419999999999999929e+00 2.250000000000000000e+00 2.073999999999999844e+01 7.648999999999999488e+01 9.599999999999999645e-01 5.570000000000000284e+00 1.499999999999999944e-02 7.931000000000000549e-02 8.999999999999999667e-02 1.300000000000000044e-01 6.200000000000000000e+01
2.000000000000000042e-02 2.800000000000000266e-01 7.610000000000000320e+00 8.519999999999999574e+00 6.592000000000000171e+01 6.589000000000000057e+01 1.489999999999999991e+00 4.570000000000000284e+00 1.600000000000000033e-02 1.176900000000000029e-01 1.300000000000000044e-01 2.399999999999999911e-01 5.000000000000000000e+01
2.000000000000000042e-02 2.000000000000000042e-02 9.539999999999999147e+00 3.950000000000000178e+00 3.261999999999999744e+01 7.417000000000000171e+01 6.309999999999999609e+00 4.269999999999999574e+00 1.600000000000000033e-02 2.248100000000000098e-01 2.300000000000000100e-01 2.800000000000000266e-01 5.700000000000000000e+01
2.000000000000000042e-02 4.099999999999999756e-01 3.779999999999999805e+00 5.629999999999999893e+00 8.454999999999999716e+01 6.184000000000000341e+01 6.740000000000000213e+00 4.849999999999999645e+00 2.199999999999999872e-02 2.509399999999999964e-01 2.700000000000000178e-01 3.400000000000000244e-01 8.300000000000000000e+01
2.999999999999999889e-02 3.900000000000000133e-01 9.859999999999999432e+00 5.839999999999999858e+00 3.599000000000000199e+01 7.725000000000000000e+01 4.519999999999999574e+00 2.779999999999999805e+00 1.899999999999999953e-02 1.308999999999999886e-01 1.400000000000000133e-01 2.000000000000000111e-01 6.200000000000000000e+01
1.000000000000000021e-02 1.499999999999999944e-01 5.059999999999999609e+00 3.089999999999999858e+00 8.295999999999999375e+01 7.423000000000000398e+01 1.389999999999999902e+00 4.849999999999999645e+00 2.299999999999999961e-02 1.636999999999999914e-02 5.000000000000000278e-02 2.200000000000000011e-01 4.400000000000000000e+01
4.000000000000000083e-02 4.099999999999999756e-01 6.820000000000000284e+00 6.190000000000000391e+00 4.779999999999999716e+01 7.173000000000000398e+01 3.850000000000000089e+00 5.259999999999999787e+00 1.799999999999999864e-02 5.315000000000000280e-02 7.000000000000000666e-02 1.600000000000000033e-01 5.900000000000000000e+01
4.000000000000000083e-02 4.400000000000000022e-01 8.289999999999999147e+00 4.269999999999999574e+00 1.391999999999999993e+01 3.825999999999999801e+01 2.240000000000000213e+00 2.520000000000000018e+00 1.600000000000000033e-02 1.661799999999999944e-01 1.700000000000000122e-01 2.000000000000000111e-01 5.200000000000000000e+01
1.000000000000000021e-02 3.300000000000000155e-01 4.980000000000000426e+00 8.140000000000000568e+00 6.432999999999999829e+01 3.509000000000000341e+01 6.600000000000000311e-01 2.569999999999999840e+00 1.700000000000000122e-02 1.677599999999999925e-01 1.799999999999999933e-01 2.800000000000000266e-01 4.700000000000000000e+01
2.999999999999999889e-02 2.200000000000000011e-01 2.899999999999999800e-01 6.370000000000000107e+00 2.035000000000000142e+01 6.397999999999999687e+01 3.259999999999999787e+00 5.110000000000000320e+00 1.700000000000000122e-02 1.815900000000000014e-01 2.000000000000000111e-01 3.300000000000000155e-01 5.200000000000000000e+01
5.000000000000000278e-02 2.200000000000000011e-01 4.639999999999999680e+00 8.470000000000000639e+00 2.848999999999999844e+01 4.731000000000000227e+01 6.400000000000000133e-01 6.709999999999999964e+00 1.299999999999999940e-02 2.810900000000000065e-01 2.800000000000000266e-01 3.300000000000000155e-01 5.800000000000000000e+01
2.999999999999999889e-02 2.999999999999999889e-02 9.099999999999999645e+00 2.709999999999999964e+00 8.168000000000000682e+01 3.446000000000000085e+01 1.080000000000000071e+00 5.129999999999999893e+00 1.600000000000000033e-02 1.217199999999999949e-01 1.400000000000000133e-01 2.600000000000000089e-01 5.000000000000000000e+01
2.000000000000000042e-02 2.099999999999999922e-01 1.010000000000000009e+00 3.720000000000000195e+00 8.476000000000000512e+01 4.814999999999999858e+01 5.259999999999999787e+00 6.610000000000000320e+00 1.200000000000000025e-02 1.597099999999999909e-01 1.700000000000000122e-01 2.999999999999999889e-01 4.500000000000000000e+01
2.000000000000000042e-02 1.400000000000000133e-01 5.030000000000000249e+00 9.380000000000000782e+00 4.521000000000000085e+01 2.808999999999999986e+01 1.290000000000000036e+00 2.430000000000000160e+00 1.600000000000000033e-02 1.686999999999999889e-01 1.799999999999999933e-01 2.500000000000000000e-01 5.300000000000000000e+01
2.000000000000000042e-02 2.300000000000000100e-01 2.000000000000000111e-01 2.160000000000000142e+00 6.309999999999999609e+00 3.367000000000000171e+01 6.019999999999999574e+00 5.549999999999999822e+00 2.199999999999999872e-02 2.044499999999999929e-01 2.200000000000000011e-01 3.599999999999999867e-01 5.400000000000000000e+01
1.000000000000000021e-02 2.399999999999999911e-01 7.309999999999999609e+00 4.160000000000000142e+00 8.379999999999999716e+01 6.075000000000000000e+01 5.950000000000000178e+00 4.509999999999999787e+00 1.899999999999999953e-02 1.584800000000000098e-01 1.799999999999999933e-01 3.300000000000000155e-01 4.700000000000000000e+01
1.000000000000000021e-02 5.999999999999999778e-02 3.200000000000000178e+00 5.450000000000000178e+00 2.032999999999999829e+01 5.211999999999999744e+01 2.740000000000000213e+00 4.299999999999999822e+00 1.400000000000000029e-02 1.257399999999999907e-01 1.400000000000000133e-01 1.700000000000000122e-01 1.230000000000000000e+02
2.999999999999999889e-02 5.000000000000000278e-02 8.750000000000000000e+00 8.839999999999999858e+00 6.530000000000000249e+00 6.579999999999999716e+01 7.200000000000000178e+00 3.549999999999999822e+00 2.000000000000000042e-02 2.718999999999999750e-01 2.700000000000000178e-01 2.899999999999999800e-01 6.100000000000000000e+01
2.999999999999999889e-02 1.799999999999999933e-01 4.919999999999999929e+00 4.389999999999999680e+00 2.564000000000000057e+01 3.632999999999999829e+01 3.540000000000000036e+00 4.820000000000000284e+00 2.100000000000000130e-02 1.344100000000000017e-01 1.499999999999999944e-01 1.900000000000000022e-01 5.000000000000000000e+01
4.000000000000000083e-02 4.600000000000000200e-01 3.089999999999999858e+00 4.019999999999999574e+00 3.700000000000000000e+01 3.057000000000000028e+01 6.389999999999999680e+00 2.080000000000000071e+00 2.199999999999999872e-02 2.291900000000000048e-01 2.399999999999999911e-01 2.999999999999999889e-01 6.900000000000000000e+01
4.000000000000000083e-02 3.099999999999999978e-01 4.099999999999999756e-01 4.660000000000000142e+00 5.174000000000000199e+01 5.611999999999999744e+01 2.310000000000000053e+00 4.200000000000000178e+00 1.400000000000000029e-02 2.450100000000000056e-01 2.600000000000000089e-01 3.699999999999999956e-01 5.000000000000000000e+01
4.000000000000000083e-02 5.999999999999999778e-02 1.719999999999999973e+00 3.990000000000000213e+00 3.176999999999999957e+01 7.918000000000000682e+01 5.280000000000000249e+00 6.209999999999999964e+00 1.899999999999999953e-02 1.017600000000000032e-01 1.199999999999999956e-01 2.200000000000000011e-01 6.700000000000000000e+01
4.000000000000000083e-02 4.299999999999999933e-01 2.540000000000000036e+00 9.369999999999999218e+00 4.460999999999999943e+01 3.083999999999999986e+01 1.310000000000000053e+00 6.019999999999999574e+00 1.499999999999999944e-02 2.510700000000000154e-01 2.600000000000000089e-01 3.200000000000000067e-01 5.700000000000000000e+01
2.000000000000000042e-02 5.000000000000000278e-02 8.640000000000000568e+00 2.350000000000000089e+00 1.133999999999999986e+01 3.346000000000000085e+01 8.960000000000000853e+00 2.040000000000000036e+00 2.000000000000000042e-02 2.906299999999999994e-01 2.899999999999999800e-01 3.200000000000000067e-01 5.200000000000000000e+01
2.999999999999999889e-02 4.600000000000000200e-01 4.410000000000000142e+00 9.240000000000000213e+00 2.846000000000000085e+01 7.039000000000000057e+01 4.530000000000000249e+00 4.809999999999999609e+00 1.799999999999999864e-02 9.389999999999999736e-02 1.100000000000000006e-01 1.600000000000000033e-01 4.800000000000000000e+01
4.000000000000000083e-02 4.000000000000000083e-02 2.390000000000000124e+00 8.109999999999999432e+00 9.250000000000000000e+00 4.504999999999999716e+01 5.620000000000000107e+00 5.500000000000000000e+00 2.000000000000000042e-02 9.839000000000000523e-02 1.100000000000000006e-01 1.799999999999999933e-01 1.030000000000000000e+02
5.000000000000000278e-02 1.499999999999999944e-01 9.070000000000000284e+00 6.669999999999999929e+00 3.553000000000000114e+01 2.558999999999999986e+01 5.269999999999999574e+00 5.030000000000000249e+00 2.199999999999999872e-02 2.628300000000000081e-01 2.700000000000000178e-01 3.200000000000000067e-01 7.200000000000000000e+01
4.000000000000000083e-02 2.099999999999999922e-01 2.250000000000000000e+00 7.589999999999999858e+00 1.676999999999999957e+01 3.318999999999999773e+01 6.690000000000000391e+00 2.410000000000000142e+00 1.400000000000000029e-02 1.771000000000000005e-02 4.000000000000000083e-02 1.100000000000000006e-01 7.300000000000000000e+01
4.000000000000000083e-02 2.600000000000000089e-01 3.720000000000000195e+00 5.259999999999999787e+00 6.257000000000000028e+01 7.989000000000000057e+01 3.390000000000000124e+00 3.729999999999999982e+00 1.600000000000000033e-02 2.599999999999999881e-03 2.999999999999999889e-02 1.600000000000000033e-01 5.100000000000000000e+01
1.000000000000000021e-02 3.400000000000000244e-01 1.149999999999999911e+00 2.060000000000000053e+00 7.087999999999999545e+01 6.512000000000000455e+01 4.669999999999999929e+00 4.110000000000000320e+00 2.199999999999999872e-02 2.135700000000000098e-01 2.399999999999999911e-01 3.599999999999999867e-01 5.300000000000000000e+01
4.000000000000000083e-02 2.000000000000000111e-01 6.610000000000000320e+00 9.160000000000000142e+00 4.714999999999999858e+01 4.099000000000000199e+01 4.129999999999999893e+00 3.379999999999999893e+00 1.700000000000000122e-02 2.021999999999999839e-02 4.000000000000000083e-02 1.400000000000000133e-01 5.600000000000000000e+01
2.999999999999999889e-02 4.699999999999999734e-01 9.460000000000000853e+00 9.609999999999999432e+00 5.303000000000000114e+01 3.995000000000000284e+01 3.839999999999999858e+00 6.139999999999999680e+00 1.899999999999999953e-02 2.332599999999999951e-01 2.500000000000000000e-01 3.200000000000000067e-01 5.800000000000000000e+01
4.000000000000000083e-02 3.300000000000000155e-01 8.529999999999999361e+00 8.890000000000000568e+00 1.717000000000000171e+01 5.878999999999999915e+01 9.089999999999999858e+00 5.719999999999999751e+00 2.100000000000000130e-02 3.645000000000000323e-02 5.000000000000000278e-02 1.000000000000000056e-01 5.100000000000000000e+01
2.000000000000000042e-02 3.699999999999999956e-01 1.379999999999999893e+00 7.570000000000000284e+00 2.976000000000000156e+01 7.554999999999999716e+01 1.169999999999999929e+00 3.290000000000000036e+00 2.100000000000000130e-02 1.813000000000000028e-02 5.000000000000000278e-02 1.799999999999999933e-01 6.000000000000000000e+01
2.999999999999999889e-02 1.799999999999999933e-01 5.509999999999999787e+00 7.780000000000000249e+00 5.471000000000000085e+01 4.246999999999999886e+01 1.550000000000000044e+00 4.330000000000000071e+00 1.099999999999999936e-02 8.540000000000000369e-02 1.000000000000000056e-01 1.900000000000000022e-01 4.700000000000000000e+01
2.000000000000000042e-02 4.500000000000000111e-01 7.660000000000000142e+00 7.759999999999999787e+00 5.143999999999999773e+01 4.082999999999999829e+01 9.189999999999999503e+00 6.200000000000000178e+00 2.100000000000000130e-02 2.475100000000000078e-01 2.600000000000000089e-01 3.300000000000000155e-01 4.600000000000000000e+01
2.999999999999999889e-02 1.499999999999999944e-01 5.480000000000000426e+00 4.459999999999999964e+00 5.010999999999999943e+01 4.067000000000000171e+01 7.250000000000000000e+00 6.480000000000000426e+00 1.899999999999999953e-02 2.454199999999999993e-01 2.600000000000000089e-01 3.300000000000000155e-01 5.800000000000000000e+01
1.000000000000000021e-02 1.799999999999999933e-01 4.400000000000000355e+00 7.540000000000000036e+00 2.428000000000000114e+01 7.295999999999999375e+01 5.709999999999999964e+00 4.820000000000000284e+00 2.000000000000000042e-02 1.865300000000000014e-01 2.000000000000000111e-01 2.399999999999999911e-01 4.600000000000000000e+01
2.999999999999999889e-02 4.600000000000000200e-01 3.089999999999999858e+00 2.979999999999999982e+00 7.712999999999999545e+01 6.014999999999999858e+01 6.919999999999999929e+00 3.279999999999999805e+00 2.299999999999999961e-02 2.740000000000000074e-02 5.999999999999999778e-02 2.099999999999999922e-01 5.700000000000000000e+01
2.000000000000000042e-02 1.100000000000000006e-01 8.289999999999999147e+00 8.189999999999999503e+00 3.586999999999999744e+01 7.743000000000000682e+01 8.070000000000000284e+00 6.629999999999999893e+00 2.000000000000000042e-02 2.234800000000000120e-01 2.300000000000000100e-01 2.899999999999999800e-01 4.700000000000000000e+01
5.000000000000000278e-02 4.899999999999999911e-01 5.429999999999999716e+00 5.730000000000000426e+00 3.571000000000000085e+01 5.106000000000000227e+01 5.019999999999999574e+00 5.059999999999999609e+00 1.799999999999999864e-02 2.527800000000000047e-01 2.600000000000000089e-01 3.099999999999999978e-01 6.600000000000000000e+01
4.000000000000000083e-02 3.200000000000000067e-01 7.530000000000000249e+00 2.189999999999999947e+00 2.746999999999999886e+01 3.125000000000000000e+01 3.910000000000000142e+00 6.330000000000000071e+00 2.299999999999999961e-02 1.250699999999999867e-01 1.400000000000000133e-01 1.900000000000000022e-01 5.100000000000000000e+01
2.999999999999999889e-02 3.200000000000000067e-01 9.550000000000000711e+00 5.419999999999999929e+00 7.656999999999999318e+01 5.307000000000000028e+01 9.980000000000000426e+00 4.990000000000000213e+00 1.499999999999999944e-02 1.683099999999999874e-01 1.799999999999999933e-01 2.899999999999999800e-01 5.000000000000000000e+01
2.999999999999999889e-02 2.000000000000000111e-01 4.580000000000000071e+00 2.169999999999999929e+00 2.232999999999999829e+01 2.619000000000000128e+01 1.850000000000000089e+00 4.540000000000000036e+00 1.200000000000000025e-02 2.066300000000000081e-01 2.099999999999999922e-01 2.500000000000000000e-01 5.600000000000000000e+01
2.999999999999999889e-02 4.199999999999999845e-01 3.169999999999999929e+00 7.929999999999999716e+00 6.035999999999999943e+01 7.910999999999999943e+01 6.009999999999999787e+00 4.250000000000000000e+00 1.400000000000000029e-02 3.959999999999999978e-03 2.999999999999999889e-02 1.499999999999999944e-01 4.800000000000000000e+01
4.000000000000000083e-02 1.100000000000000006e-01 5.120000000000000107e+00 6.280000000000000249e+00 5.999000000000000199e+01 4.210999999999999943e+01 3.129999999999999893e+00 4.299999999999999822e+00 1.299999999999999940e-02 2.187000000000000055e-02 4.000000000000000083e-02 1.600000000000000033e-01 4.900000000000000000e+01
2.000000000000000042e-02 1.700000000000000122e-01 6.429999999999999716e+00 7.950000000000000178e+00 7.295000000000000284e+01 3.850999999999999801e+01 6.339999999999999858e+00 6.129999999999999893e+00 2.000000000000000042e-02 4.531999999999999917e-02 7.000000000000000666e-02 2.000000000000000111e-01 5.300000000000000000e+01
1.000000000000000021e-02 1.600000000000000033e-01 9.330000000000000071e+00 5.230000000000000426e+00 5.699000000000000199e+01 2.666000000000000014e+01 6.740000000000000213e+00 2.169999999999999929e+00 1.299999999999999940e-02 8.489999999999999283e-03 2.999999999999999889e-02 1.499999999999999944e-01 4.400000000000000000e+01
2.000000000000000042e-02 3.800000000000000044e-01 4.599999999999999645e+00 8.269999999999999574e+00 3.378999999999999915e+01 6.587000000000000455e+01 4.769999999999999574e+00 6.070000000000000284e+00 2.000000000000000042e-02 2.505499999999999949e-01 2.600000000000000089e-01 3.099999999999999978e-01 4.700000000000000000e+01
2.000000000000000042e-02 2.500000000000000000e-01 5.179999999999999716e+00 9.250000000000000000e+00 1.914999999999999858e+01 7.395000000000000284e+01 2.799999999999999822e+00 5.049999999999999822e+00 2.100000000000000130e-02 4.170000000000000095e-03 2.000000000000000042e-02 8.999999999999999667e-02 4.800000000000000000e+01
2.999999999999999889e-02 2.999999999999999889e-02 1.169999999999999929e+00 3.540000000000000036e+00 7.423999999999999488e+01 6.431000000000000227e+01 9.359999999999999432e+00 5.519999999999999574e+00 2.100000000000000130e-02 1.991400000000000114e-01 2.200000000000000011e-01 3.400000000000000244e-01 5.700000000000000000e+01
5.000000000000000278e-02 4.600000000000000200e-01 5.000000000000000000e-01 6.459999999999999964e+00 2.582999999999999829e+01 4.549000000000000199e+01 8.140000000000000568e+00 5.730000000000000426e+00 2.100000000000000130e-02 4.997000000000000053e-02 8.000000000000000167e-02 2.200000000000000011e-01 6.000000000000000000e+01
1.000000000000000021e-02 1.700000000000000122e-01 8.679999999999999716e+00 9.689999999999999503e+00 7.306000000000000227e+01 6.214999999999999858e+01 2.350000000000000089e+00 6.650000000000000355e+00 1.799999999999999864e-02 6.340999999999999415e-02 8.999999999999999667e-02 2.200000000000000011e-01 4.700000000000000000e+01
4.000000000000000083e-02 3.499999999999999778e-01 5.480000000000000426e+00 3.870000000000000107e+00 3.872999999999999687e+01 7.357999999999999829e+01 2.490000000000000213e+00 6.209999999999999964e+00 1.799999999999999864e-02 4.666000000000000009e-02 5.999999999999999778e-02 1.400000000000000133e-01 6.100000000000000000e+01
2.999999999999999889e-02 2.300000000000000100e-01 1.030000000000000027e+00 9.949999999999999289e+00 1.917000000000000171e+01 5.867000000000000171e+01 7.349999999999999645e+00 4.440000000000000391e+00 2.100000000000000130e-02 5.919999999999999915e-03 4.000000000000000083e-02 1.799999999999999933e-01 6.000000000000000000e+01
2.999999999999999889e-02 2.399999999999999911e-01 5.080000000000000071e+00 4.860000000000000320e+00 8.369999999999999218e+00 2.983999999999999986e+01 7.330000000000000071e+00 4.849999999999999645e+00 2.299999999999999961e-02 8.351999999999999702e-02 8.999999999999999667e-02 1.199999999999999956e-01 5.800000000000000000e+01
1.000000000000000021e-02 1.700000000000000122e-01 8.240000000000000213e+00 9.019999999999999574e+00 3.950999999999999801e+01 6.428000000000000114e+01 1.610000000000000098e+00 2.279999999999999805e+00 1.700000000000000122e-02 2.818999999999999839e-01 2.899999999999999800e-01 3.499999999999999778e-01 4.300000000000000000e+01
2.000000000000000042e-02 3.400000000000000244e-01 1.409999999999999920e+00 2.879999999999999893e+00 1.261999999999999922e+01 6.534000000000000341e+01 2.680000000000000160e+00 2.970000000000000195e+00 1.600000000000000033e-02 1.708399999999999919e-01 1.799999999999999933e-01 2.700000000000000178e-01 5.900000000000000000e+01
2.000000000000000042e-02 4.199999999999999845e-01 9.419999999999999929e+00 3.240000000000000213e+00 3.023999999999999844e+01 5.395000000000000284e+01 5.600000000000000533e-01 6.759999999999999787e+00 2.299999999999999961e-02 5.600999999999999729e-02 8.000000000000000167e-02 1.400000000000000133e-01 4.700000000000000000e+01
2.999999999999999889e-02 4.400000000000000022e-01 5.070000000000000284e+00 6.889999999999999680e+00 2.028000000000000114e+01 7.690999999999999659e+01 1.030000000000000027e+00 6.459999999999999964e+00 1.200000000000000025e-02 2.163100000000000023e-01 2.200000000000000011e-01 2.500000000000000000e-01 5.500000000000000000e+01
2.999999999999999889e-02 4.699999999999999734e-01 7.790000000000000036e+00 6.089999999999999858e+00 2.519999999999999929e+01 3.513000000000000256e+01 4.200000000000000178e+00 2.979999999999999982e+00 1.600000000000000033e-02 1.640000000000000138e-02 2.999999999999999889e-02 1.000000000000000056e-01 5.900000000000000000e+01
4.000000000000000083e-02 5.000000000000000278e-02 7.150000000000000355e+00 5.000000000000000000e+00 8.218999999999999773e+01 7.854999999999999716e+01 6.059999999999999609e+00 3.540000000000000036e+00 1.899999999999999953e-02 6.047999999999999904e-02 8.999999999999999667e-02 2.200000000000000011e-01 5.500000000000000000e+01
2.999999999999999889e-02 3.499999999999999778e-01 5.459999999999999964e+00 5.200000000000000178e+00 4.400000000000000000e+01 6.854000000000000625e+01 6.280000000000000249e+00 4.129999999999999893e+00 1.400000000000000029e-02 2.530399999999999872e-01 2.600000000000000089e-01 3.200000000000000067e-01 5.200000000000000000e+01
2.000000000000000042e-02 3.400000000000000244e-01 8.910000000000000142e+00 8.320000000000000284e+00 3.765999999999999659e+01 5.774000000000000199e+01 7.089999999999999858e+00 4.110000000000000320e+00 1.600000000000000033e-02 1.598799999999999943e-01 1.700000000000000122e-01 2.300000000000000100e-01 5.500000000000000000e+01
2.000000000000000042e-02 3.300000000000000155e-01 6.019999999999999574e+00 8.320000000000000284e+00 1.236999999999999922e+01 5.114999999999999858e+01 8.599999999999999867e-01 2.899999999999999911e+00 1.099999999999999936e-02 2.010299999999999865e-01 2.000000000000000111e-01 2.300000000000000100e-01 4.700000000000000000e+01
1.000000000000000021e-02 1.300000000000000044e-01 3.890000000000000124e+00 8.400000000000000355e+00 1.873000000000000043e+01 6.740000000000000568e+01 1.570000000000000062e+00 2.790000000000000036e+00 1.200000000000000025e-02 6.499000000000000610e-02 7.000000000000000666e-02 1.199999999999999956e-01 5.100000000000000000e+01
2.999999999999999889e-02 3.400000000000000244e-01 8.779999999999999361e+00 9.279999999999999361e+00 6.979999999999999716e+01 5.511999999999999744e+01 4.900000000000000355e+00 6.169999999999999929e+00 1.799999999999999864e-02 1.860100000000000087e-01 2.000000000000000111e-01 2.999999999999999889e-01 5.400000000000000000e+01
1.000000000000000021e-02 2.800000000000000266e-01 4.580000000000000071e+00 3.540000000000000036e+00 9.929999999999999716e+00 5.600999999999999801e+01 6.599999999999999645e+00 6.570000000000000284e+00 2.299999999999999961e-02 1.001900000000000013e-01 1.100000000000000006e-01 1.400000000000000133e-01 5.100000000000000000e+01
5.000000000000000278e-02 2.899999999999999800e-01 9.250000000000000000e+00 3.109999999999999876e+00 7.784999999999999432e+01 5.175000000000000000e+01 9.160000000000000142e+00 4.790000000000000036e+00 1.700000000000000122e-02 3.899999999999999929e-04 2.999999999999999889e-02 1.799999999999999933e-01 5.200000000000000000e+01
4.000000000000000083e-02 5.000000000000000278e-02 1.729999999999999982e+00 7.480000000000000426e+00 7.781000000000000227e+01 5.164999999999999858e+01 2.629999999999999893e+00 4.700000000000000178e+00 1.299999999999999940e-02 8.934000000000000274e-02 1.100000000000000006e-01 2.300000000000000100e-01 4.900000000000000000e+01
4.000000000000000083e-02 2.399999999999999911e-01 4.099999999999999756e-01 9.259999999999999787e+00 2.300000000000000000e+01 6.039000000000000057e+01 9.210000000000000853e+00 4.950000000000000178e+00 2.299999999999999961e-02 1.303300000000000014e-01 1.600000000000000033e-01 2.899999999999999800e-01 6.000000000000000000e+01
4.000000000000000083e-02 2.099999999999999922e-01 7.820000000000000284e+00 6.599999999999999645e+00 8.089999999999999858e+00 3.382999999999999829e+01 3.819999999999999840e+00 5.490000000000000213e+00 2.100000000000000130e-02 2.058599999999999874e-01 2.099999999999999922e-01 2.300000000000000100e-01 6.100000000000000000e+01
1.000000000000000021e-02 3.300000000000000155e-01 2.000000000000000000e+00 7.190000000000000391e+00 7.682999999999999829e+01 3.567999999999999972e+01 1.840000000000000080e+00 3.109999999999999876e+00 2.100000000000000130e-02 2.901699999999999835e-01 3.099999999999999978e-01 4.199999999999999845e-01 5.200000000000000000e+01
5.000000000000000278e-02 4.299999999999999933e-01 1.689999999999999947e+00 2.540000000000000036e+00 5.375000000000000000e+01 5.327000000000000313e+01 9.000000000000000222e-01 2.029999999999999805e+00 2.199999999999999872e-02 8.637000000000000233e-02 1.100000000000000006e-01 2.300000000000000100e-01 6.600000000000000000e+01
4.000000000000000083e-02 3.499999999999999778e-01 4.000000000000000222e-01 7.669999999999999929e+00 7.704999999999999716e+01 5.207000000000000028e+01 9.070000000000000284e+00 6.599999999999999645e+00 1.299999999999999940e-02 1.243000000000000008e-02 4.000000000000000083e-02 2.000000000000000111e-01 4.700000000000000000e+01
5.000000000000000278e-02 2.700000000000000178e-01 1.580000000000000071e+00 9.199999999999999289e+00 2.683999999999999986e+01 6.439000000000000057e+01 8.500000000000000000e+00 4.459999999999999964e+00 1.700000000000000122e-02 2.006900000000000073e-01 2.099999999999999922e-01 2.899999999999999800e-01 6.600000000000000000e+01
2.999999999999999889e-02 8.999999999999999667e-02 7.080000000000000071e+00 9.820000000000000284e+00 9.009999999999999787e+00 4.860999999999999943e+01 1.820000000000000062e+00 3.930000000000000160e+00 1.600000000000000033e-02 2.857100000000000195e-01 2.800000000000000266e-01 2.999999999999999889e-01 5.600000000000000000e+01
1.000000000000000021e-02 4.199999999999999845e-01 7.549999999999999822e+00 6.719999999999999751e+00 7.957999999999999829e+01 4.552000000000000313e+01 5.019999999999999574e+00 6.089999999999999858e+00 2.000000000000000042e-02 1.850100000000000078e-01 2.000000000000000111e-01 3.200000000000000067e-01 4.300000000000000000e+01
2.999999999999999889e-02 4.500000000000000111e-01 5.280000000000000249e+00 8.849999999999999645e+00 5.953999999999999915e+01 6.029999999999999716e+01 3.200000000000000178e+00 2.350000000000000089e+00 1.099999999999999936e-02 2.681100000000000150e-01 2.800000000000000266e-01 3.499999999999999778e-01 4.700000000000000000e+01
4.000000000000000083e-02 7.000000000000000666e-02 4.669999999999999929e+00 5.129999999999999893e+00 1.516999999999999993e+01 3.584000000000000341e+01 3.600000000000000089e+00 5.750000000000000000e+00 2.199999999999999872e-02 1.658100000000000129e-01 1.700000000000000122e-01 2.000000000000000111e-01 5.400000000000000000e+01
5.000000000000000278e-02 5.000000000000000278e-02 8.130000000000000782e+00 4.330000000000000071e+00 6.606000000000000227e+01 7.009999999999999432e+01 8.650000000000000355e+00 6.889999999999999680e+00 1.299999999999999940e-02 2.637499999999999845e-01 2.700000000000000178e-01 3.499999999999999778e-01 5.100000000000000000e+01
2.999999999999999889e-02 2.999999999999999889e-02 2.379999999999999893e+00 5.040000000000000036e+00 1.730999999999999872e+01 4.449000000000000199e+01 6.299999999999999822e+00 5.290000000000000036e+00 2.000000000000000042e-02 2.033399999999999930e-01 2.200000000000000011e-01 2.700000000000000178e-01 9.400000000000000000e+01
4.000000000000000083e-02 8.000000000000000167e-02 5.969999999999999751e+00 5.690000000000000391e+00 7.339999999999999858e+00 2.998999999999999844e+01 6.360000000000000320e+00 5.450000000000000178e+00 1.299999999999999940e-02 2.723099999999999965e-01 2.700000000000000178e-01 2.899999999999999800e-01 8.200000000000000000e+01
2.999999999999999889e-02 2.999999999999999889e-01 7.450000000000000178e+00 2.540000000000000036e+00 7.501000000000000512e+01 5.077000000000000313e+01 4.530000000000000249e+00 6.509999999999999787e+00 2.000000000000000042e-02 5.616000000000000159e-02 8.000000000000000167e-02 2.099999999999999922e-01 5.500000000000000000e+01
1.000000000000000021e-02 2.200000000000000011e-01 3.660000000000000142e+00 6.709999999999999964e+00 5.060999999999999943e+01 2.710999999999999943e+01 4.019999999999999574e+00 3.529999999999999805e+00 1.799999999999999864e-02 2.885900000000000132e-01 2.999999999999999889e-01 3.699999999999999956e-01 4.400000000000000000e+01
2.000000000000000042e-02 2.099999999999999922e-01 6.629999999999999893e+00 8.240000000000000213e+00 5.460999999999999943e+01 4.496999999999999886e+01 7.759999999999999787e+00 6.400000000000000355e+00 1.700000000000000122e-02 1.294399999999999995e-01 1.400000000000000133e-01 2.300000000000000100e-01 5.300000000000000000e+01
2.000000000000000042e-02 1.799999999999999933e-01 4.940000000000000391e+00 5.669999999999999929e+00 4.788000000000000256e+01 4.699000000000000199e+01 9.029999999999999361e+00 3.410000000000000142e+00 1.700000000000000122e-02 2.416500000000000037e-01 2.500000000000000000e-01 3.200000000000000067e-01 5.500000000000000000e+01
2.999999999999999889e-02 3.800000000000000044e-01 3.600000000000000089e+00 7.120000000000000107e+00 7.701999999999999602e+01 4.940999999999999659e+01 8.109999999999999432e+00 2.419999999999999929e+00 1.899999999999999953e-02 1.797999999999999876e-01 2.000000000000000111e-01 3.099999999999999978e-01 5.400000000000000000e+01
2.999999999999999889e-02 1.300000000000000044e-01 6.600000000000000311e-01 3.279999999999999805e+00 6.146999999999999886e+01 4.424000000000000199e+01 7.459999999999999964e+00 5.719999999999999751e+00 1.700000000000000122e-02 1.061499999999999944e-01 1.300000000000000044e-01 2.600000000000000089e-01 5.200000000000000000e+01
5.000000000000000278e-02 2.300000000000000100e-01 5.519999999999999574e+00 2.270000000000000018e+00 2.416000000000000014e+01 4.610000000000000142e+01 1.409999999999999920e+00 3.990000000000000213e+00 1.899999999999999953e-02 4.989999999999999644e-03 2.999999999999999889e-02 8.999999999999999667e-02 6.600000000000000000e+01
2.000000000000000042e-02 1.799999999999999933e-01 8.980000000000000426e+00 3.720000000000000195e+00 4.374000000000000199e+01 4.828000000000000114e+01 6.769999999999999574e+00 3.020000000000000018e+00 1.899999999999999953e-02 4.494000000000000078e-02 5.999999999999999778e-02 1.499999999999999944e-01 5.600000000000000000e+01
2.000000000000000042e-02 1.499999999999999944e-01 5.200000000000000178e+00 2.810000000000000053e+00 1.226999999999999957e+01 4.614999999999999858e+01 7.450000000000000178e+00 6.559999999999999609e+00 2.000000000000000042e-02 1.663100000000000134e-01 1.700000000000000122e-01 2.000000000000000111e-01 5.100000000000000000e+01
5.000000000000000278e-02 3.300000000000000155e-01 6.639999999999999680e+00 8.669999999999999929e+00 8.131999999999999318e+01 4.847999999999999687e+01 8.500000000000000000e+00 2.620000000000000107e+00 2.400000000000000050e-02 1.492100000000000093e-01 1.799999999999999933e-01 2.899999999999999800e-01 6.200000000000000000e+01
2.999999999999999889e-02 4.199999999999999845e-01 8.800000000000000711e+00 6.009999999999999787e+00 1.485999999999999943e+01 3.914999999999999858e+01 7.240000000000000213e+00 3.669999999999999929e+00 1.400000000000000029e-02 1.635300000000000087e-01 1.700000000000000122e-01 1.900000000000000022e-01 4.900000000000000000e+01
2.999999999999999889e-02 1.000000000000000021e-02 2.600000000000000089e-01 4.059999999999999609e+00 6.372999999999999687e+01 3.365999999999999659e+01 3.359999999999999876e+00 4.940000000000000391e+00 2.100000000000000130e-02 1.398999999999999966e-01 1.600000000000000033e-01 2.999999999999999889e-01 5.500000000000000000e+01
4.000000000000000083e-02 1.300000000000000044e-01 5.570000000000000284e+00 9.400000000000000355e+00 4.822999999999999687e+01 7.462999999999999545e+01 6.320000000000000284e+00 5.139999999999999680e+00 2.100000000000000130e-02 1.497999999999999887e-01 1.700000000000000122e-01 2.399999999999999911e-01 6.300000000000000000e+01
4.000000000000000083e-02 1.400000000000000133e-01 8.470000000000000639e+00 2.629999999999999893e+00 7.093000000000000682e+01 4.160999999999999943e+01 7.639999999999999680e+00 5.860000000000000320e+00 2.000000000000000042e-02 1.793800000000000117e-01 2.000000000000000111e-01 2.999999999999999889e-01 5.800000000000000000e+01
4.000000000000000083e-02 1.000000000000000056e-01 5.599999999999999645e+00 3.520000000000000018e+00 2.353000000000000114e+01 5.435000000000000142e+01 2.299999999999999822e+00 4.450000000000000178e+00 1.200000000000000025e-02 1.967899999999999927e-01 2.000000000000000111e-01 2.399999999999999911e-01 5.700000000000000000e+01
2.000000000000000042e-02 4.199999999999999845e-01 5.669999999999999929e+00 6.230000000000000426e+00 4.435999999999999943e+01 4.042999999999999972e+01 2.919999999999999929e+00 3.700000000000000178e+00 1.499999999999999944e-02 1.928600000000000037e-01 2.000000000000000111e-01 2.700000000000000178e-01 5.200000000000000000e+01
5.000000000000000278e-02 4.600000000000000200e-01 2.700000000000000178e+00 6.679999999999999716e+00 2.789999999999999858e+01 4.978999999999999915e+01 2.000000000000000042e-02 3.779999999999999805e+00 1.899999999999999953e-02 1.803500000000000103e-01 1.900000000000000022e-01 2.399999999999999911e-01 9.900000000000000000e+01
4.000000000000000083e-02 1.600000000000000033e-01 9.919999999999999929e+00 9.429999999999999716e+00 4.771999999999999886e+01 4.529999999999999716e+01 7.049999999999999822e+00 4.040000000000000036e+00 1.499999999999999944e-02 6.561999999999999778e-02 8.000000000000000167e-02 1.700000000000000122e-01 5.400000000000000000e+01
2.000000000000000042e-02 4.600000000000000200e-01 9.460000000000000853e+00 4.360000000000000320e+00 2.760000000000000142e+01 7.275000000000000000e+01 3.649999999999999911e+00 4.530000000000000249e+00 1.799999999999999864e-02 1.175199999999999995e-01 1.300000000000000044e-01 1.799999999999999933e-01 4.700000000000000000e+01
2.999999999999999889e-02 2.899999999999999800e-01 5.280000000000000249e+00 3.479999999999999982e+00 7.809999999999999609e+00 3.996000000000000085e+01 2.470000000000000195e+00 4.059999999999999609e+00 2.100000000000000130e-02 1.183899999999999952e-01 1.199999999999999956e-01 1.400000000000000133e-01 5.700000000000000000e+01
1.000000000000000021e-02 2.000000000000000111e-01 2.319999999999999840e+00 7.269999999999999574e+00 7.342000000000000171e+01 6.440000000000000568e+01 7.059999999999999609e+00 3.009999999999999787e+00 2.000000000000000042e-02 1.616900000000000004e-01 1.799999999999999933e-01 2.899999999999999800e-01 5.300000000000000000e+01
2.999999999999999889e-02 3.800000000000000044e-01 2.350000000000000089e+00 5.709999999999999964e+00 6.423000000000000398e+01 5.340999999999999659e+01 3.629999999999999893e+00 6.360000000000000320e+00 2.299999999999999961e-02 8.246000000000000552e-02 1.100000000000000006e-01 2.300000000000000100e-01 6.200000000000000000e+01
2.000000000000000042e-02 1.100000000000000006e-01 9.750000000000000000e+00 6.910000000000000142e+00 6.750000000000000000e+00 2.871000000000000085e+01 8.910000000000000142e+00 5.719999999999999751e+00 1.200000000000000025e-02 1.557699999999999918e-01 1.600000000000000033e-01 1.700000000000000122e-01 4.900000000000000000e+01
4.000000000000000083e-02 8.000000000000000167e-02 5.849999999999999645e+00 6.469999999999999751e+00 8.340999999999999659e+01 3.148999999999999844e+01 2.120000000000000107e+00 3.160000000000000142e+00 1.400000000000000029e-02 1.045999999999999985e-01 1.199999999999999956e-01 2.399999999999999911e-01 4.900000000000000000e+01
4.000000000000000083e-02 1.300000000000000044e-01 2.740000000000000213e+00 9.029999999999999361e+00 5.925999999999999801e+01 2.569999999999999929e+01 2.500000000000000000e+00 3.970000000000000195e+00 1.200000000000000025e-02 2.558199999999999918e-01 2.700000000000000178e-01 3.400000000000000244e-01 5.000000000000000000e+01
1.000000000000000021e-02 2.000000000000000042e-02 2.850000000000000089e+00 2.770000000000000018e+00 8.323000000000000398e+01 3.053000000000000114e+01 6.500000000000000000e+00 5.929999999999999716e+00 2.100000000000000130e-02 1.977899999999999936e-01 2.200000000000000011e-01 3.400000000000000244e-01 4.900000000000000000e+01
2.999999999999999889e-02 3.699999999999999956e-01 7.639999999999999680e+00 3.750000000000000000e+00 1.283000000000000007e+01 6.593000000000000682e+01 8.199999999999999289e+00 6.040000000000000036e+00 1.499999999999999944e-02 2.385299999999999920e-01 2.399999999999999911e-01 2.600000000000000089e-01 5.000000000000000000e+01
5.000000000000000278e-02 1.700000000000000122e-01 5.509999999999999787e+00 5.040000000000000036e+00 6.967000000000000171e+01 7.979999999999999716e+01 2.899999999999999911e+00 4.660000000000000142e+00 1.400000000000000029e-02 1.240099999999999952e-01 1.400000000000000133e-01 2.399999999999999911e-01 5.200000000000000000e+01
2.000000000000000042e-02 3.699999999999999956e-01 3.220000000000000195e+00 3.770000000000000018e+00 5.170000000000000284e+01 3.160999999999999943e+01 4.639999999999999680e+00 5.870000000000000107e+00 1.200000000000000025e-02 6.479999999999999649e-03 2.999999999999999889e-02 1.400000000000000133e-01 4.600000000000000000e+01
