2.999999999999999889e-02 3.599999999999999867e-01 4.509999999999999787e+00 5.990000000000000213e+00 6.159000000000000341e+01 6.465000000000000568e+01 9.429999999999999716e+00 2.240000000000000213e+00 1.600000000000000033e-02 2.674500000000000210e-01 2.800000000000000266e-01 3.599999999999999867e-01 5.300000000000000000e+01
4.000000000000000083e-02 4.000000000000000222e-01 7.660000000000000142e+00 4.139999999999999680e+00 4.414999999999999858e+01 2.844000000000000128e+01 8.060000000000000497e+00 5.419999999999999929e+00 1.600000000000000033e-02 2.791000000000000147e-01 2.899999999999999800e-01 3.499999999999999778e-01 5.800000000000000000e+01
2.000000000000000042e-02 1.799999999999999933e-01 2.120000000000000107e+00 9.859999999999999432e+00 6.525000000000000000e+01 4.771999999999999886e+01 7.860000000000000320e+00 6.139999999999999680e+00 1.600000000000000033e-02 1.059699999999999948e-01 1.300000000000000044e-01 2.399999999999999911e-01 5.200000000000000000e+01
4.000000000000000083e-02 2.000000000000000042e-02 3.120000000000000107e+00 6.780000000000000249e+00 7.212000000000000455e+01 3.048000000000000043e+01 3.490000000000000213e+00 4.330000000000000071e+00 1.299999999999999940e-02 1.174400000000000027e-01 1.300000000000000044e-01 2.399999999999999911e-01 4.900000000000000000e+01
4.000000000000000083e-02 2.600000000000000089e-01 1.870000000000000107e+00 7.740000000000000213e+00 1.719999999999999929e+01 4.117000000000000171e+01 2.419999999999999929e+00 3.819999999999999840e+00 1.400000000000000029e-02 1.222899999999999959e-01 1.400000000000000133e-01 2.099999999999999922e-01 6.600000000000000000e+01
4.000000000000000083e-02 2.399999999999999911e-01 9.899999999999999911e-01 7.589999999999999858e+00 5.689999999999999858e+01 5.800000000000000000e+01 7.000000000000000000e+00 5.500000000000000000e+00 1.799999999999999864e-02 2.196299999999999919e-01 2.399999999999999911e-01 3.499999999999999778e-01 5.600000000000000000e+01
4.000000000000000083e-02 4.699999999999999734e-01 4.400000000000000022e-01 7.320000000000000284e+00 1.159999999999999964e+01 7.157999999999999829e+01 2.529999999999999805e+00 5.929999999999999716e+00 1.600000000000000033e-02 1.913400000000000101e-01 2.099999999999999922e-01 3.200000000000000067e-01 5.400000000000000000e+01
4.000000000000000083e-02 4.600000000000000200e-01 2.529999999999999805e+00 9.509999999999999787e+00 6.445000000000000284e+01 2.901000000000000156e+01 7.110000000000000320e+00 2.740000000000000213e+00 1.299999999999999940e-02 1.101599999999999940e-01 1.300000000000000044e-01 2.200000000000000011e-01 5.000000000000000000e+01
2.999999999999999889e-02 1.400000000000000133e-01 6.379999999999999893e+00 4.120000000000000107e+00 4.567999999999999972e+01 2.939000000000000057e+01 3.939999999999999947e+00 2.580000000000000071e+00 1.299999999999999940e-02 2.544799999999999840e-01 2.600000000000000089e-01 3.300000000000000155e-01 5.100000000000000000e+01
4.000000000000000083e-02 1.000000000000000021e-02 8.769999999999999574e+00 2.529999999999999805e+00 6.923999999999999488e+01 4.242999999999999972e+01 9.419999999999999929e+00 2.149999999999999911e+00 1.899999999999999953e-02 2.992699999999999805e-01 3.099999999999999978e-01 4.000000000000000222e-01 5.700000000000000000e+01
1.000000000000000021e-02 3.099999999999999978e-01 3.910000000000000142e+00 6.690000000000000391e+00 3.421999999999999886e+01 5.682000000000000028e+01 8.359999999999999432e+00 6.009999999999999787e+00 1.799999999999999864e-02 2.560700000000000198e-01 2.600000000000000089e-01 2.999999999999999889e-01 8.800000000000000000e+01
2.000000000000000042e-02 2.999999999999999889e-01 2.540000000000000036e+00 8.359999999999999432e+00 8.367000000000000171e+01 7.117000000000000171e+01 7.780000000000000249e+00 4.330000000000000071e+00 2.000000000000000042e-02 8.516999999999999571e-02 1.100000000000000006e-01 2.500000000000000000e-01 5.300000000000000000e+01
1.000000000000000021e-02 4.299999999999999933e-01 9.499999999999999556e-01 3.529999999999999805e+00 1.998000000000000043e+01 6.835999999999999943e+01 2.129999999999999893e+00 3.810000000000000053e+00 2.199999999999999872e-02 2.762299999999999756e-01 2.899999999999999800e-01 4.000000000000000222e-01 4.400000000000000000e+01
1.000000000000000021e-02 1.700000000000000122e-01 4.610000000000000320e+00 9.070000000000000284e+00 1.443999999999999950e+01 6.673999999999999488e+01 7.400000000000000355e+00 4.200000000000000178e+00 2.400000000000000050e-02 1.018999999999999941e-02 2.999999999999999889e-02 8.000000000000000167e-02 4.700000000000000000e+01
2.999999999999999889e-02 1.700000000000000122e-01 7.610000000000000320e+00 2.549999999999999822e+00 4.934000000000000341e+01 2.683999999999999986e+01 6.259999999999999787e+00 4.990000000000000213e+00 1.299999999999999940e-02 1.732599999999999973e-01 1.799999999999999933e-01 2.600000000000000089e-01 5.000000000000000000e+01
1.000000000000000021e-02 4.299999999999999933e-01 4.709999999999999964e+00 9.230000000000000426e+00 1.058000000000000007e+01 5.625000000000000000e+01 8.429999999999999716e+00 5.519999999999999574e+00 2.199999999999999872e-02 2.885400000000000187e-01 2.899999999999999800e-01 3.099999999999999978e-01 5.100000000000000000e+01
1.000000000000000021e-02 2.000000000000000111e-01 8.330000000000000071e+00 9.480000000000000426e+00 5.080000000000000071e+00 3.317999999999999972e+01 9.589999999999999858e+00 6.370000000000000107e+00 1.600000000000000033e-02 2.915300000000000114e-01 2.899999999999999800e-01 2.999999999999999889e-01 5.400000000000000000e+01
2.000000000000000042e-02 2.300000000000000100e-01 3.390000000000000124e+00 7.019999999999999574e+00 5.938000000000000256e+01 4.192000000000000171e+01 1.179999999999999938e+00 4.769999999999999574e+00 2.100000000000000130e-02 7.605000000000000648e-02 1.000000000000000056e-01 2.000000000000000111e-01 5.600000000000000000e+01
1.000000000000000021e-02 4.000000000000000083e-02 8.710000000000000853e+00 2.520000000000000018e+00 7.969999999999999751e+00 3.689999999999999858e+01 1.459999999999999964e+00 4.240000000000000213e+00 1.899999999999999953e-02 2.143700000000000050e-01 2.200000000000000011e-01 2.399999999999999911e-01 5.100000000000000000e+01
1.000000000000000021e-02 2.600000000000000089e-01 3.129999999999999893e+00 8.880000000000000782e+00 6.620000000000000107e+00 4.165999999999999659e+01 8.859999999999999432e+00 4.330000000000000071e+00 1.700000000000000122e-02 1.275300000000000045e-01 1.400000000000000133e-01 1.799999999999999933e-01 1.250000000000000000e+02
2.000000000000000042e-02 4.000000000000000222e-01 2.109999999999999876e+00 7.759999999999999787e+00 3.303999999999999915e+01 3.261999999999999744e+01 3.779999999999999805e+00 5.290000000000000036e+00 1.600000000000000033e-02 2.800000000000000266e-01 2.899999999999999800e-01 3.599999999999999867e-01 6.200000000000000000e+01
1.000000000000000021e-02 4.400000000000000022e-01 6.160000000000000142e+00 9.330000000000000071e+00 6.089999999999999858e+00 4.468999999999999773e+01 8.779999999999999361e+00 6.299999999999999822e+00 1.700000000000000122e-02 1.591400000000000037e-01 1.600000000000000033e-01 1.799999999999999933e-01 5.200000000000000000e+01
2.999999999999999889e-02 1.499999999999999944e-01 7.959999999999999964e+00 8.250000000000000000e+00 8.231999999999999318e+01 6.431000000000000227e+01 7.299999999999999822e-01 4.330000000000000071e+00 1.400000000000000029e-02 2.844400000000000261e-01 2.999999999999999889e-01 4.000000000000000222e-01 4.800000000000000000e+01
4.000000000000000083e-02 2.800000000000000266e-01 7.299999999999999822e-01 6.709999999999999964e+00 6.459000000000000341e+01 3.867000000000000171e+01 9.669999999999999929e+00 5.360000000000000320e+00 2.299999999999999961e-02 2.586899999999999755e-01 2.800000000000000266e-01 4.000000000000000222e-01 6.000000000000000000e+01
2.999999999999999889e-02 3.099999999999999978e-01 6.899999999999999467e-01 9.560000000000000497e+00 7.781000000000000227e+01 6.160999999999999943e+01 5.330000000000000071e+00 4.540000000000000036e+00 1.200000000000000025e-02 1.109200000000000047e-01 1.300000000000000044e-01 2.600000000000000089e-01 4.600000000000000000e+01
2.999999999999999889e-02 1.799999999999999933e-01 3.300000000000000155e-01 7.070000000000000284e+00 1.466000000000000014e+01 6.006000000000000227e+01 5.600000000000000533e-01 3.189999999999999947e+00 2.199999999999999872e-02 4.538999999999999979e-02 8.000000000000000167e-02 2.300000000000000100e-01 5.700000000000000000e+01
1.000000000000000021e-02 4.199999999999999845e-01 2.439999999999999947e+00 9.369999999999999218e+00 2.392999999999999972e+01 7.784999999999999432e+01 3.910000000000000142e+00 2.470000000000000195e+00 1.400000000000000029e-02 1.531099999999999961e-01 1.600000000000000033e-01 2.200000000000000011e-01 6.700000000000000000e+01
2.000000000000000042e-02 1.499999999999999944e-01 3.709999999999999964e+00 5.559999999999999609e+00 7.632999999999999829e+01 5.957000000000000028e+01 2.879999999999999893e+00 4.799999999999999822e+00 1.299999999999999940e-02 2.272200000000000053e-01 2.399999999999999911e-01 3.400000000000000244e-01 4.600000000000000000e+01
2.000000000000000042e-02 1.700000000000000122e-01 4.549999999999999822e+00 8.359999999999999432e+00 1.796000000000000085e+01 5.284000000000000341e+01 3.120000000000000107e+00 2.149999999999999911e+00 2.000000000000000042e-02 2.028600000000000125e-01 2.099999999999999922e-01 2.399999999999999911e-01 4.900000000000000000e+01
5.000000000000000278e-02 3.800000000000000044e-01 8.900000000000000355e+00 6.080000000000000071e+00 8.345999999999999375e+01 7.112999999999999545e+01 6.009999999999999787e+00 4.190000000000000391e+00 1.799999999999999864e-02 2.180999999999999883e-01 2.300000000000000100e-01 3.400000000000000244e-01 5.500000000000000000e+01
5.000000000000000278e-02 5.000000000000000278e-02 9.029999999999999361e+00 7.230000000000000426e+00 5.696000000000000085e+01 2.642999999999999972e+01 5.969999999999999751e+00 5.299999999999999822e+00 1.799999999999999864e-02 4.649999999999999967e-02 7.000000000000000666e-02 1.700000000000000122e-01 5.800000000000000000e+01
4.000000000000000083e-02 3.400000000000000244e-01 7.900000000000000355e-01 9.109999999999999432e+00 8.018000000000000682e+01 2.948999999999999844e+01 4.889999999999999680e+00 5.679999999999999716e+00 1.700000000000000122e-02 1.293400000000000105e-01 1.499999999999999944e-01 2.800000000000000266e-01 5.300000000000000000e+01
2.999999999999999889e-02 1.499999999999999944e-01 8.320000000000000284e+00 2.819999999999999840e+00 8.160999999999999943e+01 3.964999999999999858e+01 6.199999999999999956e-01 2.750000000000000000e+00 1.299999999999999940e-02 3.604999999999999871e-02 5.999999999999999778e-02 1.900000000000000022e-01 4.700000000000000000e+01
1.000000000000000021e-02 3.300000000000000155e-01 2.200000000000000178e+00 5.969999999999999751e+00 7.870999999999999375e+01 5.629999999999999716e+01 7.269999999999999574e+00 3.700000000000000178e+00 1.499999999999999944e-02 2.110899999999999999e-01 2.300000000000000100e-01 3.400000000000000244e-01 4.700000000000000000e+01
4.000000000000000083e-02 2.500000000000000000e-01 9.470000000000000639e+00 6.549999999999999822e+00 5.281000000000000227e+01 7.026000000000000512e+01 5.540000000000000036e+00 6.209999999999999964e+00 1.299999999999999940e-02 1.663900000000000101e-01 1.799999999999999933e-01 2.500000000000000000e-01 5.100000000000000000e+01
4.000000000000000083e-02 4.699999999999999734e-01 1.239999999999999991e+00 3.390000000000000124e+00 7.371999999999999886e+01 6.532999999999999829e+01 1.979999999999999982e+00 5.559999999999999609e+00 1.299999999999999940e-02 2.290600000000000136e-01 2.399999999999999911e-01 3.499999999999999778e-01 5.000000000000000000e+01
2.000000000000000042e-02 1.799999999999999933e-01 5.940000000000000391e+00 7.620000000000000107e+00 3.781000000000000227e+01 6.968000000000000682e+01 9.199999999999999289e+00 4.040000000000000036e+00 1.499999999999999944e-02 3.210000000000000180e-03 2.000000000000000042e-02 1.199999999999999956e-01 4.900000000000000000e+01
1.000000000000000021e-02 2.800000000000000266e-01 8.499999999999999778e-01 3.709999999999999964e+00 4.034000000000000341e+01 6.403000000000000114e+01 8.800000000000000044e-01 6.280000000000000249e+00 2.199999999999999872e-02 2.576700000000000101e-01 2.800000000000000266e-01 3.900000000000000133e-01 4.400000000000000000e+01
4.000000000000000083e-02 1.900000000000000022e-01 4.559999999999999609e+00 3.020000000000000018e+00 5.849999999999999645e+00 4.932000000000000028e+01 7.540000000000000036e+00 6.629999999999999893e+00 1.099999999999999936e-02 2.939700000000000091e-01 2.899999999999999800e-01 3.099999999999999978e-01 8.000000000000000000e+01
2.000000000000000042e-02 2.999999999999999889e-02 3.040000000000000036e+00 2.569999999999999840e+00 9.759999999999999787e+00 4.635999999999999943e+01 6.639999999999999680e+00 3.839999999999999858e+00 1.600000000000000033e-02 2.923399999999999888e-01 2.999999999999999889e-01 3.300000000000000155e-01 1.240000000000000000e+02
1.000000000000000021e-02 4.400000000000000022e-01 5.549999999999999822e+00 9.300000000000000711e+00 5.872999999999999687e+01 3.734000000000000341e+01 8.599999999999999867e-01 5.419999999999999929e+00 1.899999999999999953e-02 2.636700000000000155e-01 2.800000000000000266e-01 3.599999999999999867e-01 4.400000000000000000e+01
1.000000000000000021e-02 4.299999999999999933e-01 4.280000000000000249e+00 6.679999999999999716e+00 5.792000000000000171e+01 3.717999999999999972e+01 7.959999999999999964e+00 2.189999999999999947e+00 1.499999999999999944e-02 2.412400000000000100e-01 2.500000000000000000e-01 3.300000000000000155e-01 4.700000000000000000e+01
4.000000000000000083e-02 1.499999999999999944e-01 4.919999999999999929e+00 4.849999999999999645e+00 2.348000000000000043e+01 5.864000000000000057e+01 8.599999999999999867e-01 6.910000000000000142e+00 2.199999999999999872e-02 8.019999999999999352e-02 1.000000000000000056e-01 1.400000000000000133e-01 7.600000000000000000e+01
1.000000000000000021e-02 2.999999999999999889e-01 7.599999999999999645e+00 2.500000000000000000e+00 2.698999999999999844e+01 5.097999999999999687e+01 8.820000000000000284e+00 6.049999999999999822e+00 1.700000000000000122e-02 1.767299999999999982e-01 1.900000000000000022e-01 2.300000000000000100e-01 4.500000000000000000e+01
1.000000000000000021e-02 3.499999999999999778e-01 8.900000000000000355e+00 6.099999999999999645e+00 3.242000000000000171e+01 7.904000000000000625e+01 5.490000000000000213e+00 6.330000000000000071e+00 1.400000000000000029e-02 2.976099999999999857e-01 2.999999999999999889e-01 3.499999999999999778e-01 4.600000000000000000e+01
5.000000000000000278e-02 2.000000000000000042e-02 1.010000000000000009e+00 7.889999999999999680e+00 1.549000000000000021e+01 4.220000000000000284e+01 6.110000000000000320e+00 3.979999999999999982e+00 1.200000000000000025e-02 4.861000000000000043e-02 7.000000000000000666e-02 1.799999999999999933e-01 5.400000000000000000e+01
1.000000000000000021e-02 4.299999999999999933e-01 2.790000000000000036e+00 8.089999999999999858e+00 5.756000000000000227e+01 6.068999999999999773e+01 4.070000000000000284e+00 6.679999999999999716e+00 2.299999999999999961e-02 1.575100000000000111e-01 1.799999999999999933e-01 2.700000000000000178e-01 4.400000000000000000e+01
4.000000000000000083e-02 2.999999999999999889e-01 9.189999999999999503e+00 4.820000000000000284e+00 1.343999999999999950e+01 3.359000000000000341e+01 5.120000000000000107e+00 6.570000000000000284e+00 1.499999999999999944e-02 7.431999999999999718e-02 8.000000000000000167e-02 1.100000000000000006e-01 5.000000000000000000e+01
2.000000000000000042e-02 1.600000000000000033e-01 8.279999999999999361e+00 2.270000000000000018e+00 6.451000000000000512e+01 4.786999999999999744e+01 2.810000000000000053e+00 5.440000000000000391e+00 1.899999999999999953e-02 2.534199999999999786e-01 2.700000000000000178e-01 3.599999999999999867e-01 5.200000000000000000e+01
2.000000000000000042e-02 1.199999999999999956e-01 5.419999999999999929e+00 6.400000000000000355e+00 6.235999999999999943e+01 6.331000000000000227e+01 2.160000000000000142e+00 3.060000000000000053e+00 1.299999999999999940e-02 9.082999999999999408e-02 1.100000000000000006e-01 2.099999999999999922e-01 4.700000000000000000e+01
5.000000000000000278e-02 5.000000000000000278e-02 8.099999999999999645e+00 4.330000000000000071e+00 5.190000000000000391e+00 6.981000000000000227e+01 1.830000000000000071e+00 2.540000000000000036e+00 1.799999999999999864e-02 1.983900000000000108e-01 2.000000000000000111e-01 2.099999999999999922e-01 6.500000000000000000e+01
2.999999999999999889e-02 1.799999999999999933e-01 1.540000000000000036e+00 9.109999999999999432e+00 1.669999999999999929e+01 3.849000000000000199e+01 1.000000000000000056e-01 4.860000000000000320e+00 1.499999999999999944e-02 2.170400000000000107e-01 2.300000000000000100e-01 2.999999999999999889e-01 6.200000000000000000e+01
5.000000000000000278e-02 8.000000000000000167e-02 8.009999999999999787e+00 8.240000000000000213e+00 1.862999999999999901e+01 6.718000000000000682e+01 3.000000000000000000e+00 3.049999999999999822e+00 2.199999999999999872e-02 1.663999999999999854e-02 4.000000000000000083e-02 8.999999999999999667e-02 7.800000000000000000e+01
4.000000000000000083e-02 1.799999999999999933e-01 6.839999999999999858e+00 4.660000000000000142e+00 8.315999999999999659e+01 7.723000000000000398e+01 5.780000000000000249e+00 4.620000000000000107e+00 1.799999999999999864e-02 2.545999999999999930e-01 2.700000000000000178e-01 3.800000000000000044e-01 5.400000000000000000e+01
4.000000000000000083e-02 1.000000000000000056e-01 7.160000000000000142e+00 7.269999999999999574e+00 6.984999999999999432e+01 2.696000000000000085e+01 1.350000000000000089e+00 6.900000000000000355e+00 1.200000000000000025e-02 2.335800000000000098e-01 2.399999999999999911e-01 3.300000000000000155e-01 4.800000000000000000e+01
2.999999999999999889e-02 8.999999999999999667e-02 1.600000000000000089e+00 8.230000000000000426e+00 8.032999999999999829e+01 4.872999999999999687e+01 1.250000000000000000e+00 2.160000000000000142e+00 1.099999999999999936e-02 1.781200000000000006e-01 1.900000000000000022e-01 2.999999999999999889e-01 4.600000000000000000e+01
2.999999999999999889e-02 2.500000000000000000e-01 1.820000000000000062e+00 5.959999999999999964e+00 6.257999999999999829e+01 5.677000000000000313e+01 8.259999999999999787e+00 2.140000000000000124e+00 1.899999999999999953e-02 1.710599999999999898e-01 1.900000000000000022e-01 2.999999999999999889e-01 5.800000000000000000e+01
4.000000000000000083e-02 3.800000000000000044e-01 3.009999999999999787e+00 8.529999999999999361e+00 7.900000000000000000e+01 2.610000000000000142e+01 5.980000000000000426e+00 5.849999999999999645e+00 2.299999999999999961e-02 2.785199999999999898e-01 2.999999999999999889e-01 4.000000000000000222e-01 6.000000000000000000e+01
4.000000000000000083e-02 3.900000000000000133e-01 2.930000000000000160e+00 9.660000000000000142e+00 6.910000000000000142e+00 2.573999999999999844e+01 5.000000000000000000e-01 5.429999999999999716e+00 1.799999999999999864e-02 2.900499999999999745e-01 2.899999999999999800e-01 3.400000000000000244e-01 1.270000000000000000e+02
4.000000000000000083e-02 2.800000000000000266e-01 3.839999999999999858e+00 8.830000000000000071e+00 3.739000000000000057e+01 5.707999999999999829e+01 4.269999999999999574e+00 2.009999999999999787e+00 1.400000000000000029e-02 3.271000000000000296e-02 5.000000000000000278e-02 1.300000000000000044e-01 5.400000000000000000e+01
2.000000000000000042e-02 3.800000000000000044e-01 7.849999999999999645e+00 9.160000000000000142e+00 8.126000000000000512e+01 3.625999999999999801e+01 8.630000000000000782e+00 6.719999999999999751e+00 1.600000000000000033e-02 1.389100000000000057e-01 1.600000000000000033e-01 2.800000000000000266e-01 4.900000000000000000e+01
4.000000000000000083e-02 5.000000000000000278e-02 4.339999999999999858e+00 6.129999999999999893e+00 3.577000000000000313e+01 6.939000000000000057e+01 6.800000000000000488e-01 4.650000000000000355e+00 2.299999999999999961e-02 8.591000000000000025e-02 1.100000000000000006e-01 1.700000000000000122e-01 7.000000000000000000e+01
1.000000000000000021e-02 1.199999999999999956e-01 4.320000000000000284e+00 5.330000000000000071e+00 7.468000000000000682e+01 7.828000000000000114e+01 8.160000000000000142e+00 6.790000000000000036e+00 1.499999999999999944e-02 1.895300000000000040e-01 2.000000000000000111e-01 3.099999999999999978e-01 4.600000000000000000e+01
2.000000000000000042e-02 1.300000000000000044e-01 7.330000000000000071e+00 5.780000000000000249e+00 2.771000000000000085e+01 6.745000000000000284e+01 9.279999999999999361e+00 2.729999999999999982e+00 1.799999999999999864e-02 2.290999999999999981e-01 2.399999999999999911e-01 2.800000000000000266e-01 4.700000000000000000e+01
2.999999999999999889e-02 4.699999999999999734e-01 4.240000000000000213e+00 6.339999999999999858e+00 1.614999999999999858e+01 7.040999999999999659e+01 4.540000000000000036e+00 3.810000000000000053e+00 1.299999999999999940e-02 1.788800000000000112e-01 1.799999999999999933e-01 2.099999999999999922e-01 4.900000000000000000e+01
1.000000000000000021e-02 4.000000000000000083e-02 1.250000000000000000e+00 3.029999999999999805e+00 3.992999999999999972e+01 2.676999999999999957e+01 2.029999999999999805e+00 3.229999999999999982e+00 1.299999999999999940e-02 1.279099999999999959e-01 1.400000000000000133e-01 2.600000000000000089e-01 4.700000000000000000e+01
1.000000000000000021e-02 2.200000000000000011e-01 2.109999999999999876e+00 8.980000000000000426e+00 4.621999999999999886e+01 6.239999999999999858e+01 7.009999999999999787e+00 3.620000000000000107e+00 1.799999999999999864e-02 1.418500000000000039e-01 1.600000000000000033e-01 2.500000000000000000e-01 5.700000000000000000e+01
1.000000000000000021e-02 1.499999999999999944e-01 1.750000000000000000e+00 4.610000000000000320e+00 4.681000000000000227e+01 7.818999999999999773e+01 3.370000000000000107e+00 4.519999999999999574e+00 2.199999999999999872e-02 8.240999999999999714e-02 1.100000000000000006e-01 2.200000000000000011e-01 6.000000000000000000e+01
5.000000000000000278e-02 2.999999999999999889e-02 4.809999999999999609e+00 9.839999999999999858e+00 2.787999999999999901e+01 4.886999999999999744e+01 2.720000000000000195e+00 2.500000000000000000e+00 1.700000000000000122e-02 1.112999999999999962e-01 1.199999999999999956e-01 1.700000000000000122e-01 6.700000000000000000e+01
2.000000000000000042e-02 2.999999999999999889e-02 9.949999999999999289e+00 9.660000000000000142e+00 5.484000000000000341e+01 3.007999999999999829e+01 2.500000000000000000e-01 4.849999999999999645e+00 2.000000000000000042e-02 2.759599999999999831e-01 2.899999999999999800e-01 3.599999999999999867e-01 4.600000000000000000e+01
2.999999999999999889e-02 2.999999999999999889e-01 2.099999999999999922e-01 9.869999999999999218e+00 3.785000000000000142e+01 3.404999999999999716e+01 9.099999999999999645e+00 6.900000000000000355e+00 1.200000000000000025e-02 7.527000000000000357e-02 1.000000000000000056e-01 1.799999999999999933e-01 6.100000000000000000e+01
2.999999999999999889e-02 3.800000000000000044e-01 7.019999999999999574e+00 2.709999999999999964e+00 3.446000000000000085e+01 4.363000000000000256e+01 4.309999999999999609e+00 6.000000000000000000e+00 1.400000000000000029e-02 1.022699999999999998e-01 1.100000000000000006e-01 1.499999999999999944e-01 8.100000000000000000e+01
2.000000000000000042e-02 4.899999999999999911e-01 7.790000000000000036e+00 5.400000000000000355e+00 3.904999999999999716e+01 3.568999999999999773e+01 8.099999999999999645e+00 3.870000000000000107e+00 1.600000000000000033e-02 8.093000000000000194e-02 8.999999999999999667e-02 1.700000000000000122e-01 5.400000000000000000e+01
1.000000000000000021e-02 5.999999999999999778e-02 7.429999999999999716e+00 2.180000000000000160e+00 2.533999999999999986e+01 4.613000000000000256e+01 7.199999999999999734e-01 6.959999999999999964e+00 2.000000000000000042e-02 2.588999999999999982e-02 4.000000000000000083e-02 1.100000000000000006e-01 4.500000000000000000e+01
1.000000000000000021e-02 3.699999999999999956e-01 4.000000000000000222e-01 9.609999999999999432e+00 4.406000000000000227e+01 3.409000000000000341e+01 9.349999999999999645e+00 6.179999999999999716e+00 1.899999999999999953e-02 2.453200000000000103e-01 2.600000000000000089e-01 3.900000000000000133e-01 4.900000000000000000e+01
2.999999999999999889e-02 5.000000000000000278e-02 1.000000000000000000e+01 8.050000000000000711e+00 5.184000000000000341e+01 3.439999999999999858e+01 8.000000000000000444e-01 2.080000000000000071e+00 2.199999999999999872e-02 2.206999999999999934e-02 5.000000000000000278e-02 1.600000000000000033e-01 6.000000000000000000e+01
4.000000000000000083e-02 5.000000000000000000e-01 3.180000000000000160e+00 4.820000000000000284e+00 7.312999999999999545e+01 7.648000000000000398e+01 6.099999999999999645e+00 6.830000000000000071e+00 1.899999999999999953e-02 4.941000000000000253e-02 8.000000000000000167e-02 2.000000000000000111e-01 5.600000000000000000e+01
4.000000000000000083e-02 4.199999999999999845e-01 3.160000000000000142e+00 7.629999999999999893e+00 6.945000000000000284e+01 4.496000000000000085e+01 9.640000000000000568e+00 5.299999999999999822e+00 1.499999999999999944e-02 3.042999999999999872e-02 5.000000000000000278e-02 1.799999999999999933e-01 5.100000000000000000e+01
2.000000000000000042e-02 2.000000000000000111e-01 6.089999999999999858e+00 3.779999999999999805e+00 5.403000000000000114e+01 6.671999999999999886e+01 6.500000000000000222e-01 2.939999999999999947e+00 1.499999999999999944e-02 2.667999999999999886e-02 5.000000000000000278e-02 1.600000000000000033e-01 4.900000000000000000e+01
5.000000000000000278e-02 4.899999999999999911e-01 4.360000000000000320e+00 4.290000000000000036e+00 4.911999999999999744e+01 5.754999999999999716e+01 6.610000000000000320e+00 4.299999999999999822e+00 1.299999999999999940e-02 2.106399999999999939e-01 2.200000000000000011e-01 2.899999999999999800e-01 5.300000000000000000e+01
1.000000000000000021e-02 2.500000000000000000e-01 2.950000000000000178e+00 3.470000000000000195e+00 1.310999999999999943e+01 2.873000000000000043e+01 3.699999999999999956e-01 4.570000000000000284e+00 1.299999999999999940e-02 1.228299999999999947e-01 1.300000000000000044e-01 1.700000000000000122e-01 1.170000000000000000e+02
1.000000000000000021e-02 4.000000000000000222e-01 9.580000000000000071e+00 2.720000000000000195e+00 7.379999999999999716e+01 5.981000000000000227e+01 9.919999999999999929e+00 5.250000000000000000e+00 1.600000000000000033e-02 2.221000000000000058e-02 5.000000000000000278e-02 1.900000000000000022e-01 4.600000000000000000e+01
1.000000000000000021e-02 5.000000000000000278e-02 5.919999999999999929e+00 7.440000000000000391e+00 7.679000000000000625e+01 4.514999999999999858e+01 4.320000000000000284e+00 6.830000000000000071e+00 1.200000000000000025e-02 9.650000000000000591e-03 2.999999999999999889e-02 1.799999999999999933e-01 4.200000000000000000e+01
4.000000000000000083e-02 4.500000000000000111e-01 8.480000000000000426e+00 7.330000000000000071e+00 2.601999999999999957e+01 4.642000000000000171e+01 1.929999999999999938e+00 4.709999999999999964e+00 2.100000000000000130e-02 1.181500000000000050e-01 1.300000000000000044e-01 1.799999999999999933e-01 5.100000000000000000e+01
2.000000000000000042e-02 4.099999999999999756e-01 1.649999999999999911e+00 3.549999999999999822e+00 7.580000000000000071e+00 3.105000000000000071e+01 2.580000000000000071e+00 5.309999999999999609e+00 1.600000000000000033e-02 7.089999999999999948e-03 2.999999999999999889e-02 1.400000000000000133e-01 6.200000000000000000e+01
5.000000000000000278e-02 3.499999999999999778e-01 6.150000000000000355e+00 3.979999999999999982e+00 7.543999999999999773e+01 3.103000000000000114e+01 8.199999999999999512e-01 3.529999999999999805e+00 2.000000000000000042e-02 1.854699999999999960e-01 2.000000000000000111e-01 2.999999999999999889e-01 5.900000000000000000e+01
2.000000000000000042e-02 4.699999999999999734e-01 9.009999999999999787e+00 9.679999999999999716e+00 5.854999999999999716e+01 7.065999999999999659e+01 8.169999999999999929e+00 2.970000000000000195e+00 2.400000000000000050e-02 2.310999999999999999e-01 2.500000000000000000e-01 3.400000000000000244e-01 4.600000000000000000e+01
1.000000000000000021e-02 1.100000000000000006e-01 6.700000000000000178e+00 3.470000000000000195e+00 2.576000000000000156e+01 5.753999999999999915e+01 7.250000000000000000e+00 5.030000000000000249e+00 1.400000000000000029e-02 1.438000000000000111e-01 1.499999999999999944e-01 2.000000000000000111e-01 4.500000000000000000e+01
2.000000000000000042e-02 3.900000000000000133e-01 6.580000000000000071e+00 3.270000000000000018e+00 7.512999999999999545e+01 2.726999999999999957e+01 6.820000000000000284e+00 5.969999999999999751e+00 1.400000000000000029e-02 1.788999999999999965e-02 4.000000000000000083e-02 1.799999999999999933e-01 4.600000000000000000e+01
2.000000000000000042e-02 2.899999999999999800e-01 8.399999999999999689e-01 5.429999999999999716e+00 5.269999999999999574e+00 6.606000000000000227e+01 6.900000000000000355e+00 4.959999999999999964e+00 1.299999999999999940e-02 1.504999999999999914e-02 4.000000000000000083e-02 1.799999999999999933e-01 4.900000000000000000e+01
1.000000000000000021e-02 4.199999999999999845e-01 3.339999999999999858e+00 5.860000000000000320e+00 4.200000000000000000e+01 6.314000000000000057e+01 9.599999999999999645e+00 4.139999999999999680e+00 1.799999999999999864e-02 2.511499999999999844e-01 2.600000000000000089e-01 3.200000000000000067e-01 4.500000000000000000e+01
2.000000000000000042e-02 2.000000000000000042e-02 7.450000000000000178e+00 3.009999999999999787e+00 4.014999999999999858e+01 7.385999999999999943e+01 5.389999999999999680e+00 5.620000000000000107e+00 1.600000000000000033e-02 1.544800000000000062e-01 1.700000000000000122e-01 2.300000000000000100e-01 5.500000000000000000e+01
2.999999999999999889e-02 2.099999999999999922e-01 1.840000000000000080e+00 3.740000000000000213e+00 7.015000000000000568e+01 6.188000000000000256e+01 5.559999999999999609e+00 3.589999999999999858e+00 2.100000000000000130e-02 1.333999999999999943e-02 5.000000000000000278e-02 2.000000000000000111e-01 5.700000000000000000e+01
2.000000000000000042e-02 3.099999999999999978e-01 3.740000000000000213e+00 6.089999999999999858e+00 7.237999999999999545e+01 7.828000000000000114e+01 1.689999999999999947e+00 5.269999999999999574e+00 1.200000000000000025e-02 2.308600000000000096e-01 2.399999999999999911e-01 3.400000000000000244e-01 4.500000000000000000e+01
5.000000000000000278e-02 3.599999999999999867e-01 1.590000000000000080e+00 8.830000000000000071e+00 6.884000000000000341e+01 3.137000000000000099e+01 2.459999999999999964e+00 4.280000000000000249e+00 1.499999999999999944e-02 2.838499999999999912e-01 2.999999999999999889e-01 3.900000000000000133e-01 5.400000000000000000e+01
2.000000000000000042e-02 4.600000000000000200e-01 4.190000000000000391e+00 7.469999999999999751e+00 7.479999999999999716e+01 6.675000000000000000e+01 7.030000000000000249e+00 6.009999999999999787e+00 2.000000000000000042e-02 2.500600000000000045e-01 2.700000000000000178e-01 3.699999999999999956e-01 5.300000000000000000e+01
2.000000000000000042e-02 4.899999999999999911e-01 1.419999999999999929e+00 3.899999999999999911e+00 2.507999999999999829e+01 6.260999999999999943e+01 8.399999999999999689e-01 4.799999999999999822e+00 1.299999999999999940e-02 2.729599999999999804e-01 2.800000000000000266e-01 3.599999999999999867e-01 5.300000000000000000e+01
2.999999999999999889e-02 2.500000000000000000e-01 8.400000000000000355e+00 5.320000000000000284e+00 1.267999999999999972e+01 6.265999999999999659e+01 6.549999999999999822e+00 3.839999999999999858e+00 1.200000000000000025e-02 4.658000000000000335e-02 5.000000000000000278e-02 8.999999999999999667e-02 5.900000000000000000e+01
5.000000000000000278e-02 5.000000000000000278e-02 2.109999999999999876e+00 8.519999999999999574e+00 4.354999999999999716e+01 4.585000000000000142e+01 3.930000000000000160e+00 6.509999999999999787e+00 1.200000000000000025e-02 1.599299999999999888e-01 1.700000000000000122e-01 2.399999999999999911e-01 5.600000000000000000e+01
4.000000000000000083e-02 2.000000000000000042e-02 5.730000000000000426e+00 4.690000000000000391e+00 5.702000000000000313e+01 5.895000000000000284e+01 6.519999999999999574e+00 4.160000000000000142e+00 2.199999999999999872e-02 5.022000000000000075e-02 8.000000000000000167e-02 1.799999999999999933e-01 6.100000000000000000e+01
2.000000000000000042e-02 8.999999999999999667e-02 9.009999999999999787e+00 3.509999999999999787e+00 7.542000000000000171e+01 5.714000000000000057e+01 6.639999999999999680e+00 4.450000000000000178e+00 2.000000000000000042e-02 1.442900000000000016e-01 1.600000000000000033e-01 2.700000000000000178e-01 6.300000000000000000e+01
2.999999999999999889e-02 3.400000000000000244e-01 6.990000000000000213e+00 4.139999999999999680e+00 2.846000000000000085e+01 2.600000000000000000e+01 2.890000000000000124e+00 4.980000000000000426e+00 1.700000000000000122e-02 1.930099999999999871e-01 2.000000000000000111e-01 2.500000000000000000e-01 4.900000000000000000e+01
2.000000000000000042e-02 8.999999999999999667e-02 7.839999999999999858e+00 5.320000000000000284e+00 6.612000000000000455e+01 6.160999999999999943e+01 9.740000000000000213e+00 2.479999999999999982e+00 2.199999999999999872e-02 1.640099999999999891e-01 1.799999999999999933e-01 2.800000000000000266e-01 5.600000000000000000e+01
4.000000000000000083e-02 3.400000000000000244e-01 7.820000000000000284e+00 2.580000000000000071e+00 4.300999999999999801e+01 3.008999999999999986e+01 7.980000000000000426e+00 5.110000000000000320e+00 1.200000000000000025e-02 2.374100000000000099e-01 2.399999999999999911e-01 2.999999999999999889e-01 5.100000000000000000e+01
5.000000000000000278e-02 4.500000000000000111e-01 8.279999999999999361e+00 2.279999999999999805e+00 4.771000000000000085e+01 6.781999999999999318e+01 9.810000000000000497e+00 3.430000000000000160e+00 1.799999999999999864e-02 1.514900000000000135e-01 1.700000000000000122e-01 2.399999999999999911e-01 6.200000000000000000e+01
2.000000000000000042e-02 3.900000000000000133e-01 8.660000000000000142e+00 6.339999999999999858e+00 5.599000000000000199e+01 3.014999999999999858e+01 7.650000000000000355e+00 5.730000000000000426e+00 2.000000000000000042e-02 1.384599999999999997e-01 1.600000000000000033e-01 2.399999999999999911e-01 5.600000000000000000e+01
4.000000000000000083e-02 2.500000000000000000e-01 4.120000000000000107e+00 6.190000000000000391e+00 6.682999999999999829e+01 3.460000000000000142e+01 6.250000000000000000e+00 2.720000000000000195e+00 1.700000000000000122e-02 2.461599999999999899e-01 2.600000000000000089e-01 3.499999999999999778e-01 5.500000000000000000e+01
5.000000000000000278e-02 2.999999999999999889e-01 1.699999999999999956e+00 5.190000000000000391e+00 7.023999999999999488e+01 5.542000000000000171e+01 8.580000000000000071e+00 4.379999999999999893e+00 1.700000000000000122e-02 3.543999999999999928e-02 5.999999999999999778e-02 2.000000000000000111e-01 5.500000000000000000e+01
4.000000000000000083e-02 4.199999999999999845e-01 1.560000000000000053e+00 7.870000000000000107e+00 1.046000000000000085e+01 3.010999999999999943e+01 6.600000000000000311e-01 6.299999999999999822e+00 1.200000000000000025e-02 5.632000000000000201e-02 7.000000000000000666e-02 1.600000000000000033e-01 5.900000000000000000e+01
1.000000000000000021e-02 2.600000000000000089e-01 1.939999999999999947e+00 3.750000000000000000e+00 6.089999999999999858e+01 7.670999999999999375e+01 8.900000000000000355e+00 2.129999999999999893e+00 1.799999999999999864e-02 1.923100000000000087e-01 2.099999999999999922e-01 3.099999999999999978e-01 5.300000000000000000e+01
2.000000000000000042e-02 2.200000000000000011e-01 4.049999999999999822e+00 5.230000000000000426e+00 4.397999999999999687e+01 3.684000000000000341e+01 7.219999999999999751e+00 6.750000000000000000e+00 1.200000000000000025e-02 2.585700000000000220e-01 2.600000000000000089e-01 3.300000000000000155e-01 4.800000000000000000e+01
2.999999999999999889e-02 1.600000000000000033e-01 5.990000000000000213e+00 9.529999999999999361e+00 8.960000000000000853e+00 5.818999999999999773e+01 7.179999999999999716e+00 4.370000000000000107e+00 1.700000000000000122e-02 2.558000000000000274e-01 2.600000000000000089e-01 2.800000000000000266e-01 5.500000000000000000e+01
5.000000000000000278e-02 3.599999999999999867e-01 1.239999999999999991e+00 4.879999999999999893e+00 7.326000000000000512e+01 3.528000000000000114e+01 7.669999999999999929e+00 6.219999999999999751e+00 2.100000000000000130e-02 2.365000000000000088e-02 5.999999999999999778e-02 2.099999999999999922e-01 5.800000000000000000e+01
5.000000000000000278e-02 2.200000000000000011e-01 3.589999999999999858e+00 2.509999999999999787e+00 2.657000000000000028e+01 3.372999999999999687e+01 7.660000000000000142e+00 4.339999999999999858e+00 1.499999999999999944e-02 1.145999999999999970e-02 2.999999999999999889e-02 1.000000000000000056e-01 5.900000000000000000e+01
4.000000000000000083e-02 8.999999999999999667e-02 3.680000000000000160e+00 7.150000000000000355e+00 4.163000000000000256e+01 6.639000000000000057e+01 2.700000000000000178e-01 6.000000000000000000e+00 2.000000000000000042e-02 1.115099999999999980e-01 1.300000000000000044e-01 2.000000000000000111e-01 6.500000000000000000e+01
2.000000000000000042e-02 3.099999999999999978e-01 2.629999999999999893e+00 3.229999999999999982e+00 5.218999999999999773e+01 3.206000000000000227e+01 1.860000000000000098e+00 2.830000000000000071e+00 2.299999999999999961e-02 1.963300000000000045e-01 2.200000000000000011e-01 2.899999999999999800e-01 6.700000000000000000e+01
2.999999999999999889e-02 3.699999999999999956e-01 5.490000000000000213e+00 9.650000000000000355e+00 2.844999999999999929e+01 3.664999999999999858e+01 8.399999999999999689e-01 3.689999999999999947e+00 1.700000000000000122e-02 2.297000000000000083e-02 4.000000000000000083e-02 1.100000000000000006e-01 5.900000000000000000e+01
5.000000000000000278e-02 2.000000000000000111e-01 2.580000000000000071e+00 8.099999999999999645e+00 2.567999999999999972e+01 6.615000000000000568e+01 8.800000000000000044e-01 4.019999999999999574e+00 2.000000000000000042e-02 2.391500000000000015e-01 2.500000000000000000e-01 2.999999999999999889e-01 9.700000000000000000e+01
2.000000000000000042e-02 7.000000000000000666e-02 9.400000000000000355e+00 5.370000000000000107e+00 7.731000000000000227e+01 7.667000000000000171e+01 4.349999999999999645e+00 4.000000000000000000e+00 2.000000000000000042e-02 1.729100000000000081e-01 1.900000000000000022e-01 2.999999999999999889e-01 5.300000000000000000e+01
2.999999999999999889e-02 4.199999999999999845e-01 7.179999999999999716e+00 3.839999999999999858e+00 2.021999999999999886e+01 6.848000000000000398e+01 1.520000000000000018e+00 5.620000000000000107e+00 2.299999999999999961e-02 2.280600000000000127e-01 2.399999999999999911e-01 2.700000000000000178e-01 5.200000000000000000e+01
4.000000000000000083e-02 3.699999999999999956e-01 4.790000000000000036e+00 3.109999999999999876e+00 2.773000000000000043e+01 6.161999999999999744e+01 3.379999999999999893e+00 3.149999999999999911e+00 2.199999999999999872e-02 1.975899999999999879e-01 2.099999999999999922e-01 2.500000000000000000e-01 5.100000000000000000e+01
2.000000000000000042e-02 1.300000000000000044e-01 8.339999999999999858e+00 3.220000000000000195e+00 1.338000000000000078e+01 4.567000000000000171e+01 3.669999999999999929e+00 6.349999999999999645e+00 2.199999999999999872e-02 4.746999999999999831e-02 5.999999999999999778e-02 1.000000000000000056e-01 5.000000000000000000e+01
5.000000000000000278e-02 2.999999999999999889e-01 1.229999999999999982e+00 8.179999999999999716e+00 4.464000000000000057e+01 2.733999999999999986e+01 8.869999999999999218e+00 3.129999999999999893e+00 2.199999999999999872e-02 2.796500000000000097e-01 2.999999999999999889e-01 3.900000000000000133e-01 6.600000000000000000e+01
1.000000000000000021e-02 2.300000000000000100e-01 6.379999999999999893e+00 6.219999999999999751e+00 8.231999999999999318e+01 7.637000000000000455e+01 4.139999999999999680e+00 6.830000000000000071e+00 1.400000000000000029e-02 2.487699999999999911e-01 2.600000000000000089e-01 3.699999999999999956e-01 4.400000000000000000e+01
5.000000000000000278e-02 3.300000000000000155e-01 7.780000000000000249e+00 6.530000000000000249e+00 7.334000000000000341e+01 2.892000000000000171e+01 2.649999999999999911e+00 6.929999999999999716e+00 2.199999999999999872e-02 4.091000000000000192e-02 7.000000000000000666e-02 2.000000000000000111e-01 6.000000000000000000e+01
2.999999999999999889e-02 3.499999999999999778e-01 6.910000000000000142e+00 3.580000000000000071e+00 6.178999999999999915e+01 6.545000000000000284e+01 6.959999999999999964e+00 6.030000000000000249e+00 1.400000000000000029e-02 1.883199999999999874e-01 2.000000000000000111e-01 2.899999999999999800e-01 5.000000000000000000e+01
2.999999999999999889e-02 1.900000000000000022e-01 4.419999999999999929e+00 9.279999999999999361e+00 5.327000000000000313e+01 5.389000000000000057e+01 8.960000000000000853e+00 4.950000000000000178e+00 1.400000000000000029e-02 1.738300000000000123e-01 1.799999999999999933e-01 2.600000000000000089e-01 5.100000000000000000e+01
1.000000000000000021e-02 2.800000000000000266e-01 6.169999999999999929e+00 4.950000000000000178e+00 6.745000000000000284e+01 7.723000000000000398e+01 2.580000000000000071e+00 4.410000000000000142e+00 1.299999999999999940e-02 1.171100000000000058e-01 1.300000000000000044e-01 2.399999999999999911e-01 4.400000000000000000e+01
1.000000000000000021e-02 2.600000000000000089e-01 7.160000000000000142e+00 3.240000000000000213e+00 7.467000000000000171e+01 3.176999999999999957e+01 1.830000000000000071e+00 5.139999999999999680e+00 1.700000000000000122e-02 1.871899999999999953e-01 2.000000000000000111e-01 3.099999999999999978e-01 4.700000000000000000e+01
1.000000000000000021e-02 3.099999999999999978e-01 8.330000000000000071e+00 6.379999999999999893e+00 1.896999999999999886e+01 7.718000000000000682e+01 1.330000000000000071e+00 4.849999999999999645e+00 1.499999999999999944e-02 1.331799999999999928e-01 1.400000000000000133e-01 1.799999999999999933e-01 4.500000000000000000e+01
1.000000000000000021e-02 2.200000000000000011e-01 3.950000000000000178e+00 7.669999999999999929e+00 4.042999999999999972e+01 7.975000000000000000e+01 6.940000000000000391e+00 4.889999999999999680e+00 1.400000000000000029e-02 2.791500000000000092e-01 2.899999999999999800e-01 3.499999999999999778e-01 4.700000000000000000e+01
2.000000000000000042e-02 5.000000000000000000e-01 5.290000000000000036e+00 5.269999999999999574e+00 5.028000000000000114e+01 5.275000000000000000e+01 3.699999999999999956e-01 2.620000000000000107e+00 1.299999999999999940e-02 9.123000000000000553e-02 1.000000000000000056e-01 1.900000000000000022e-01 4.800000000000000000e+01
2.000000000000000042e-02 2.500000000000000000e-01 5.519999999999999574e+00 6.160000000000000142e+00 3.270000000000000284e+01 2.662999999999999901e+01 8.939999999999999503e+00 4.339999999999999858e+00 1.400000000000000029e-02 4.374999999999999722e-02 5.999999999999999778e-02 1.300000000000000044e-01 5.200000000000000000e+01
2.999999999999999889e-02 1.000000000000000021e-02 3.720000000000000195e+00 9.330000000000000071e+00 3.378999999999999915e+01 7.709000000000000341e+01 9.990000000000000213e+00 6.089999999999999858e+00 1.499999999999999944e-02 9.948999999999999511e-02 1.100000000000000006e-01 1.700000000000000122e-01 5.700000000000000000e+01
4.000000000000000083e-02 2.899999999999999800e-01 5.240000000000000213e+00 8.900000000000000355e+00 7.279999999999999716e+01 2.573000000000000043e+01 2.399999999999999911e+00 4.370000000000000107e+00 2.299999999999999961e-02 2.562999999999999723e-01 2.700000000000000178e-01 3.699999999999999956e-01 6.100000000000000000e+01
1.000000000000000021e-02 2.099999999999999922e-01 5.500000000000000000e+00 7.839999999999999858e+00 1.344999999999999929e+01 5.235999999999999943e+01 5.139999999999999680e+00 4.259999999999999787e+00 1.600000000000000033e-02 5.172999999999999821e-02 5.999999999999999778e-02 1.000000000000000056e-01 4.500000000000000000e+01
2.999999999999999889e-02 1.199999999999999956e-01 8.880000000000000782e+00 8.800000000000000711e+00 5.089999999999999858e+01 7.510999999999999943e+01 1.919999999999999929e+00 5.540000000000000036e+00 1.499999999999999944e-02 2.108399999999999996e-01 2.200000000000000011e-01 2.899999999999999800e-01 5.300000000000000000e+01
2.000000000000000042e-02 1.000000000000000021e-02 4.900000000000000355e+00 9.099999999999999645e+00 2.907999999999999829e+01 4.650999999999999801e+01 4.769999999999999574e+00 6.549999999999999822e+00 1.799999999999999864e-02 6.568000000000000227e-02 8.000000000000000167e-02 1.400000000000000133e-01 4.600000000000000000e+01
2.000000000000000042e-02 4.899999999999999911e-01 3.149999999999999911e+00 8.750000000000000000e+00 2.907999999999999829e+01 7.526999999999999602e+01 1.909999999999999920e+00 2.120000000000000107e+00 2.299999999999999961e-02 2.215100000000000124e-01 2.399999999999999911e-01 2.800000000000000266e-01 4.900000000000000000e+01
2.999999999999999889e-02 2.399999999999999911e-01 1.439999999999999947e+00 4.019999999999999574e+00 3.638000000000000256e+01 2.946999999999999886e+01 3.060000000000000053e+00 6.200000000000000178e+00 1.299999999999999940e-02 2.799000000000000099e-02 5.000000000000000278e-02 1.700000000000000122e-01 5.200000000000000000e+01
4.000000000000000083e-02 1.799999999999999933e-01 9.349999999999999645e+00 7.209999999999999964e+00 8.440000000000000568e+01 6.443000000000000682e+01 5.300000000000000266e-01 2.930000000000000160e+00 1.299999999999999940e-02 1.378800000000000026e-01 1.499999999999999944e-01 2.700000000000000178e-01 4.800000000000000000e+01
2.000000000000000042e-02 2.899999999999999800e-01 9.759999999999999787e+00 8.029999999999999361e+00 7.040000000000000036e+00 3.477000000000000313e+01 1.379999999999999893e+00 3.950000000000000178e+00 1.799999999999999864e-02 1.291499999999999870e-01 1.300000000000000044e-01 1.499999999999999944e-01 5.300000000000000000e+01
4.000000000000000083e-02 3.099999999999999978e-01 9.799999999999999822e-01 3.810000000000000053e+00 7.806999999999999318e+01 6.607999999999999829e+01 5.589999999999999858e+00 3.709999999999999964e+00 1.499999999999999944e-02 7.749999999999999944e-02 1.000000000000000056e-01 2.399999999999999911e-01 5.100000000000000000e+01
4.000000000000000083e-02 3.300000000000000155e-01 5.839999999999999858e+00 2.819999999999999840e+00 6.448000000000000398e+01 6.531000000000000227e+01 8.150000000000000355e+00 2.009999999999999787e+00 2.199999999999999872e-02 1.225500000000000062e-01 1.400000000000000133e-01 2.399999999999999911e-01 6.100000000000000000e+01
2.000000000000000042e-02 3.900000000000000133e-01 3.599999999999999867e-01 4.919999999999999929e+00 3.424000000000000199e+01 3.963000000000000256e+01 2.020000000000000018e+00 6.200000000000000178e+00 2.000000000000000042e-02 1.865900000000000059e-01 2.099999999999999922e-01 3.300000000000000155e-01 5.300000000000000000e+01
4.000000000000000083e-02 3.400000000000000244e-01 9.300000000000000488e-01 9.679999999999999716e+00 5.242000000000000171e+01 3.242999999999999972e+01 1.100000000000000006e-01 3.089999999999999858e+00 2.000000000000000042e-02 1.521299999999999875e-01 1.700000000000000122e-01 2.899999999999999800e-01 5.800000000000000000e+01
1.000000000000000021e-02 4.199999999999999845e-01 7.650000000000000355e+00 2.430000000000000160e+00 8.498999999999999488e+01 4.547999999999999687e+01 6.830000000000000071e+00 6.490000000000000213e+00 1.499999999999999944e-02 2.025000000000000064e-02 4.000000000000000083e-02 2.099999999999999922e-01 4.400000000000000000e+01
2.000000000000000042e-02 1.100000000000000006e-01 7.160000000000000142e+00 9.560000000000000497e+00 3.903000000000000114e+01 6.685999999999999943e+01 6.199999999999999956e-01 4.219999999999999751e+00 1.799999999999999864e-02 1.837699999999999889e-01 1.900000000000000022e-01 2.600000000000000089e-01 4.600000000000000000e+01
5.000000000000000278e-02 4.699999999999999734e-01 2.640000000000000124e+00 9.150000000000000355e+00 3.717000000000000171e+01 3.397999999999999687e+01 6.400000000000000133e-01 4.030000000000000249e+00 1.700000000000000122e-02 2.101300000000000112e-01 2.200000000000000011e-01 2.800000000000000266e-01 6.900000000000000000e+01
2.999999999999999889e-02 3.599999999999999867e-01 9.960000000000000853e+00 3.220000000000000195e+00 5.234000000000000341e+01 5.650999999999999801e+01 5.889999999999999680e+00 3.080000000000000071e+00 1.600000000000000033e-02 2.104999999999999927e-01 2.200000000000000011e-01 2.999999999999999889e-01 5.400000000000000000e+01
2.999999999999999889e-02 3.099999999999999978e-01 1.199999999999999956e+00 2.299999999999999822e+00 3.196000000000000085e+01 7.960999999999999943e+01 6.349999999999999645e+00 3.839999999999999858e+00 2.199999999999999872e-02 8.272000000000000186e-02 1.100000000000000006e-01 2.300000000000000100e-01 6.300000000000000000e+01
2.000000000000000042e-02 2.999999999999999889e-02 8.000000000000000000e+00 8.199999999999999289e+00 1.465000000000000036e+01 5.165999999999999659e+01 7.250000000000000000e+00 5.959999999999999964e+00 1.799999999999999864e-02 1.809300000000000075e-01 1.900000000000000022e-01 2.099999999999999922e-01 4.900000000000000000e+01
4.000000000000000083e-02 1.199999999999999956e-01 3.250000000000000000e+00 6.080000000000000071e+00 1.671999999999999886e+01 3.314999999999999858e+01 3.830000000000000071e+00 5.160000000000000142e+00 1.799999999999999864e-02 1.776699999999999946e-01 1.900000000000000022e-01 2.200000000000000011e-01 1.300000000000000000e+02
2.000000000000000042e-02 2.999999999999999889e-02 4.459999999999999964e+00 7.889999999999999680e+00 8.157999999999999829e+01 3.961999999999999744e+01 2.099999999999999922e-01 4.740000000000000213e+00 1.700000000000000122e-02 1.645999999999999963e-01 1.799999999999999933e-01 2.999999999999999889e-01 5.000000000000000000e+01
4.000000000000000083e-02 1.100000000000000006e-01 8.699999999999999289e+00 4.219999999999999751e+00 6.621999999999999886e+01 5.661999999999999744e+01 9.199999999999999289e+00 2.410000000000000142e+00 1.099999999999999936e-02 2.552599999999999869e-01 2.600000000000000089e-01 3.400000000000000244e-01 4.800000000000000000e+01
2.000000000000000042e-02 4.699999999999999734e-01 9.289999999999999147e+00 2.310000000000000053e+00 1.093999999999999950e+01 5.836999999999999744e+01 5.620000000000000107e+00 2.709999999999999964e+00 1.299999999999999940e-02 1.736000000000000043e-01 1.799999999999999933e-01 2.000000000000000111e-01 4.700000000000000000e+01
5.000000000000000278e-02 2.700000000000000178e-01 3.330000000000000071e+00 2.000000000000000000e+00 3.303000000000000114e+01 4.521999999999999886e+01 9.000000000000000000e+00 2.500000000000000000e+00 1.799999999999999864e-02 9.418999999999999595e-02 1.100000000000000006e-01 1.700000000000000122e-01 6.600000000000000000e+01
1.000000000000000021e-02 1.400000000000000133e-01 1.989999999999999991e+00 9.339999999999999858e+00 6.876999999999999602e+01 7.573999999999999488e+01 4.349999999999999645e+00 4.209999999999999964e+00 2.199999999999999872e-02 2.861899999999999999e-01 2.999999999999999889e-01 4.099999999999999756e-01 5.400000000000000000e+01
2.000000000000000042e-02 2.300000000000000100e-01 9.019999999999999574e+00 5.629999999999999893e+00 7.979999999999999716e+01 7.285999999999999943e+01 8.949999999999999289e+00 5.459999999999999964e+00 2.100000000000000130e-02 1.355699999999999961e-01 1.600000000000000033e-01 2.800000000000000266e-01 5.400000000000000000e+01
2.999999999999999889e-02 2.800000000000000266e-01 5.400000000000000355e+00 3.370000000000000107e+00 2.971000000000000085e+01 3.864000000000000057e+01 9.699999999999999734e-01 6.629999999999999893e+00 1.600000000000000033e-02 4.029999999999999728e-03 2.000000000000000042e-02 1.000000000000000056e-01 5.400000000000000000e+01
5.000000000000000278e-02 2.000000000000000042e-02 6.620000000000000107e+00 3.470000000000000195e+00 7.589999999999999858e+00 7.892000000000000171e+01 4.370000000000000107e+00 4.519999999999999574e+00 1.600000000000000033e-02 1.403999999999999970e-01 1.400000000000000133e-01 1.600000000000000033e-01 5.700000000000000000e+01
4.000000000000000083e-02 2.000000000000000042e-02 8.849999999999999645e+00 6.330000000000000071e+00 6.142000000000000171e+01 6.982999999999999829e+01 7.049999999999999822e+00 5.639999999999999680e+00 1.700000000000000122e-02 1.002699999999999980e-01 1.199999999999999956e-01 2.200000000000000011e-01 5.500000000000000000e+01
2.999999999999999889e-02 2.200000000000000011e-01 8.970000000000000639e+00 4.950000000000000178e+00 4.882999999999999829e+01 3.334000000000000341e+01 8.320000000000000284e+00 2.649999999999999911e+00 1.400000000000000029e-02 1.699400000000000077e-01 1.799999999999999933e-01 2.500000000000000000e-01 5.200000000000000000e+01
2.000000000000000042e-02 4.400000000000000022e-01 2.240000000000000213e+00 5.370000000000000107e+00 6.990999999999999659e+01 6.937000000000000455e+01 4.500000000000000000e+00 5.860000000000000320e+00 2.299999999999999961e-02 1.310900000000000121e-01 1.600000000000000033e-01 2.700000000000000178e-01 5.900000000000000000e+01
2.000000000000000042e-02 1.000000000000000056e-01 6.080000000000000071e+00 8.550000000000000711e+00 3.736999999999999744e+01 7.985999999999999943e+01 1.500000000000000000e+00 5.009999999999999787e+00 2.400000000000000050e-02 2.386099999999999888e-01 2.500000000000000000e-01 3.099999999999999978e-01 4.700000000000000000e+01
2.999999999999999889e-02 2.399999999999999911e-01 8.740000000000000213e+00 9.460000000000000853e+00 5.864999999999999858e+01 6.153000000000000114e+01 7.679999999999999716e+00 6.790000000000000036e+00 1.899999999999999953e-02 2.169800000000000062e-01 2.300000000000000100e-01 3.099999999999999978e-01 5.700000000000000000e+01
1.000000000000000021e-02 1.000000000000000056e-01 2.220000000000000195e+00 7.099999999999999645e+00 8.529999999999999361e+00 6.290999999999999659e+01 8.750000000000000000e+00 3.399999999999999911e+00 1.200000000000000025e-02 1.384599999999999997e-01 1.499999999999999944e-01 2.000000000000000111e-01 7.000000000000000000e+01
2.000000000000000042e-02 2.700000000000000178e-01 5.400000000000000355e+00 4.809999999999999609e+00 5.628999999999999915e+01 4.050999999999999801e+01 6.530000000000000249e+00 5.070000000000000284e+00 1.600000000000000033e-02 8.869000000000000494e-02 1.000000000000000056e-01 2.000000000000000111e-01 5.100000000000000000e+01
4.000000000000000083e-02 2.700000000000000178e-01 2.299999999999999822e+00 8.929999999999999716e+00 1.183000000000000007e+01 2.669999999999999929e+01 9.839999999999999858e+00 5.280000000000000249e+00 1.400000000000000029e-02 1.684000000000000080e-02 4.000000000000000083e-02 1.100000000000000006e-01 8.000000000000000000e+01
2.000000000000000042e-02 1.199999999999999956e-01 1.449999999999999956e+00 6.750000000000000000e+00 5.365999999999999659e+01 7.326999999999999602e+01 9.859999999999999432e+00 3.830000000000000071e+00 2.100000000000000130e-02 2.058200000000000029e-01 2.300000000000000100e-01 3.300000000000000155e-01 5.900000000000000000e+01
4.000000000000000083e-02 1.799999999999999933e-01 9.060000000000000497e+00 4.690000000000000391e+00 4.807000000000000028e+01 6.070000000000000284e+01 4.330000000000000071e+00 4.509999999999999787e+00 1.200000000000000025e-02 2.720000000000000195e-03 2.000000000000000042e-02 1.300000000000000044e-01 4.800000000000000000e+01
2.000000000000000042e-02 3.599999999999999867e-01 5.870000000000000107e+00 8.169999999999999929e+00 7.403000000000000114e+01 5.396000000000000085e+01 8.380000000000000782e+00 2.629999999999999893e+00 2.199999999999999872e-02 2.446399999999999963e-01 2.600000000000000089e-01 3.699999999999999956e-01 5.500000000000000000e+01
1.000000000000000021e-02 3.200000000000000067e-01 5.900000000000000355e+00 3.729999999999999982e+00 2.542000000000000171e+01 2.864999999999999858e+01 1.300000000000000044e-01 5.440000000000000391e+00 1.799999999999999864e-02 8.021999999999999964e-02 8.999999999999999667e-02 1.499999999999999944e-01 4.500000000000000000e+01
4.000000000000000083e-02 2.700000000000000178e-01 8.289999999999999147e+00 7.280000000000000249e+00 6.238000000000000256e+01 4.938000000000000256e+01 1.540000000000000036e+00 2.220000000000000195e+00 1.200000000000000025e-02 1.217400000000000010e-01 1.300000000000000044e-01 2.300000000000000100e-01 4.900000000000000000e+01
4.000000000000000083e-02 3.099999999999999978e-01 9.390000000000000568e+00 9.539999999999999147e+00 3.871000000000000085e+01 3.817999999999999972e+01 4.769999999999999574e+00 4.990000000000000213e+00 2.199999999999999872e-02 1.008099999999999968e-01 1.199999999999999956e-01 1.900000000000000022e-01 6.700000000000000000e+01
1.000000000000000021e-02 3.099999999999999978e-01 9.199999999999999289e+00 5.919999999999999929e+00 7.837000000000000455e+01 6.370000000000000284e+01 3.270000000000000018e+00 2.589999999999999858e+00 1.799999999999999864e-02 5.369000000000000161e-02 8.000000000000000167e-02 2.200000000000000011e-01 4.700000000000000000e+01
1.000000000000000021e-02 3.200000000000000067e-01 8.800000000000000711e+00 2.569999999999999840e+00 4.156000000000000227e+01 4.899000000000000199e+01 8.019999999999999574e+00 4.980000000000000426e+00 1.299999999999999940e-02 2.638800000000000034e-01 2.700000000000000178e-01 3.300000000000000155e-01 4.700000000000000000e+01
4.000000000000000083e-02 1.000000000000000021e-02 3.229999999999999982e+00 2.180000000000000160e+00 3.278000000000000114e+01 7.242000000000000171e+01 6.709999999999999964e+00 6.500000000000000000e+00 1.799999999999999864e-02 2.929100000000000037e-01 2.999999999999999889e-01 3.499999999999999778e-01 6.400000000000000000e+01
4.000000000000000083e-02 4.699999999999999734e-01 9.070000000000000284e+00 6.750000000000000000e+00 4.177000000000000313e+01 7.798000000000000398e+01 4.059999999999999609e+00 2.339999999999999858e+00 1.899999999999999953e-02 1.413699999999999957e-01 1.600000000000000033e-01 2.200000000000000011e-01 6.300000000000000000e+01
5.000000000000000278e-02 2.300000000000000100e-01 4.799999999999999822e-01 3.759999999999999787e+00 2.876999999999999957e+01 4.100999999999999801e+01 9.220000000000000639e+00 2.240000000000000213e+00 2.199999999999999872e-02 2.529199999999999782e-01 2.700000000000000178e-01 3.800000000000000044e-01 6.200000000000000000e+01
2.000000000000000042e-02 3.200000000000000067e-01 3.189999999999999947e+00 8.210000000000000853e+00 1.430000000000000071e+01 4.392999999999999972e+01 3.819999999999999840e+00 4.549999999999999822e+00 2.100000000000000130e-02 2.358699999999999963e-01 2.399999999999999911e-01 2.800000000000000266e-01 1.260000000000000000e+02
2.999999999999999889e-02 2.999999999999999889e-02 8.449999999999999289e+00 8.300000000000000711e+00 7.660000000000000142e+00 3.101999999999999957e+01 5.620000000000000107e+00 5.500000000000000000e+00 2.299999999999999961e-02 1.806999999999999995e-01 1.900000000000000022e-01 2.000000000000000111e-01 6.100000000000000000e+01
4.000000000000000083e-02 8.000000000000000167e-02 5.179999999999999716e+00 5.419999999999999929e+00 4.807999999999999829e+01 7.320999999999999375e+01 5.330000000000000071e+00 5.879999999999999893e+00 2.100000000000000130e-02 2.286700000000000121e-01 2.399999999999999911e-01 3.099999999999999978e-01 6.400000000000000000e+01
1.000000000000000021e-02 8.999999999999999667e-02 6.800000000000000488e-01 5.030000000000000249e+00 6.357000000000000028e+01 3.042999999999999972e+01 3.240000000000000213e+00 4.730000000000000426e+00 1.200000000000000025e-02 9.450999999999999679e-02 1.100000000000000006e-01 2.500000000000000000e-01 4.300000000000000000e+01
5.000000000000000278e-02 2.700000000000000178e-01 3.399999999999999911e+00 8.089999999999999858e+00 2.762000000000000099e+01 4.884000000000000341e+01 3.490000000000000213e+00 5.849999999999999645e+00 1.299999999999999940e-02 1.585199999999999942e-01 1.700000000000000122e-01 2.099999999999999922e-01 5.900000000000000000e+01
5.000000000000000278e-02 4.400000000000000022e-01 6.799999999999999822e+00 4.059999999999999609e+00 1.742000000000000171e+01 4.674000000000000199e+01 7.299999999999999822e-01 2.649999999999999911e+00 2.299999999999999961e-02 1.917899999999999883e-01 2.000000000000000111e-01 2.300000000000000100e-01 5.600000000000000000e+01
4.000000000000000083e-02 1.900000000000000022e-01 9.140000000000000568e+00 6.059999999999999609e+00 2.589999999999999858e+01 7.696999999999999886e+01 4.780000000000000249e+00 6.139999999999999680e+00 1.499999999999999944e-02 2.323999999999999955e-01 2.399999999999999911e-01 2.800000000000000266e-01 6.300000000000000000e+01
1.000000000000000021e-02 1.000000000000000056e-01 7.089999999999999858e+00 8.900000000000000355e+00 2.430999999999999872e+01 3.164999999999999858e+01 7.900000000000000355e-01 3.560000000000000053e+00 1.200000000000000025e-02 2.309900000000000009e-01 2.399999999999999911e-01 2.800000000000000266e-01 5.000000000000000000e+01
5.000000000000000278e-02 2.200000000000000011e-01 6.730000000000000426e+00 3.370000000000000107e+00 4.153000000000000114e+01 5.297999999999999687e+01 5.480000000000000426e+00 2.580000000000000071e+00 2.299999999999999961e-02 1.806699999999999973e-01 2.000000000000000111e-01 2.600000000000000089e-01 6.900000000000000000e+01
2.999999999999999889e-02 2.200000000000000011e-01 6.570000000000000284e+00 6.849999999999999645e+00 6.190000000000000391e+00 6.252000000000000313e+01 3.770000000000000018e+00 3.399999999999999911e+00 1.600000000000000033e-02 1.039199999999999985e-01 1.100000000000000006e-01 1.199999999999999956e-01 5.500000000000000000e+01
2.000000000000000042e-02 4.699999999999999734e-01 2.069999999999999840e+00 9.140000000000000568e+00 5.603000000000000114e+01 5.609000000000000341e+01 6.290000000000000036e+00 3.270000000000000018e+00 1.099999999999999936e-02 2.837200000000000277e-01 2.899999999999999800e-01 3.699999999999999956e-01 4.800000000000000000e+01
2.000000000000000042e-02 2.399999999999999911e-01 1.429999999999999938e+00 6.400000000000000355e+00 6.260000000000000142e+01 6.804999999999999716e+01 9.369999999999999218e+00 6.629999999999999893e+00 1.799999999999999864e-02 1.702000000000000041e-02 5.000000000000000278e-02 2.000000000000000111e-01 5.200000000000000000e+01
1.000000000000000021e-02 2.399999999999999911e-01 9.699999999999999734e-01 6.410000000000000142e+00 4.654999999999999716e+01 5.088000000000000256e+01 3.560000000000000053e+00 2.040000000000000036e+00 2.000000000000000042e-02 9.733999999999999597e-02 1.199999999999999956e-01 2.500000000000000000e-01 5.300000000000000000e+01
4.000000000000000083e-02 1.000000000000000056e-01 4.509999999999999787e+00 5.889999999999999680e+00 5.849000000000000199e+01 2.583999999999999986e+01 9.490000000000000213e+00 5.059999999999999609e+00 1.899999999999999953e-02 8.576999999999999902e-02 1.100000000000000006e-01 2.000000000000000111e-01 5.900000000000000000e+01
4.000000000000000083e-02 1.499999999999999944e-01 6.429999999999999716e+00 3.520000000000000018e+00 7.879999999999999716e+01 5.807000000000000028e+01 5.780000000000000249e+00 5.969999999999999751e+00 2.000000000000000042e-02 1.192600000000000049e-01 1.400000000000000133e-01 2.600000000000000089e-01 5.700000000000000000e+01
5.000000000000000278e-02 2.999999999999999889e-02 8.179999999999999716e+00 5.500000000000000000e+00 8.428000000000000114e+01 6.175999999999999801e+01 1.929999999999999938e+00 4.099999999999999645e+00 1.899999999999999953e-02 1.187000000000000034e-02 4.000000000000000083e-02 2.000000000000000111e-01 5.400000000000000000e+01
2.000000000000000042e-02 1.100000000000000006e-01 7.169999999999999929e+00 5.809999999999999609e+00 6.011999999999999744e+01 2.510999999999999943e+01 5.730000000000000426e+00 3.669999999999999929e+00 1.899999999999999953e-02 2.241299999999999959e-01 2.399999999999999911e-01 3.200000000000000067e-01 5.400000000000000000e+01
4.000000000000000083e-02 1.600000000000000033e-01 3.899999999999999911e+00 4.820000000000000284e+00 3.828999999999999915e+01 5.631000000000000227e+01 2.919999999999999929e+00 2.169999999999999929e+00 1.200000000000000025e-02 1.803299999999999903e-01 1.900000000000000022e-01 2.500000000000000000e-01 5.200000000000000000e+01
5.000000000000000278e-02 1.000000000000000056e-01 2.890000000000000124e+00 2.479999999999999982e+00 1.267999999999999972e+01 3.735000000000000142e+01 3.950000000000000178e+00 6.459999999999999964e+00 1.299999999999999940e-02 8.488999999999999324e-02 1.000000000000000056e-01 1.400000000000000133e-01 1.220000000000000000e+02
4.000000000000000083e-02 2.800000000000000266e-01 2.319999999999999840e+00 2.540000000000000036e+00 2.457999999999999829e+01 4.371999999999999886e+01 9.220000000000000639e+00 5.330000000000000071e+00 1.400000000000000029e-02 2.174500000000000044e-01 2.300000000000000100e-01 2.800000000000000266e-01 7.100000000000000000e+01
