4.000000000000000083e-02 1.100000000000000006e-01 4.200000000000000178e+00 2.819999999999999840e+00 8.159000000000000341e+01 7.396999999999999886e+01 9.449999999999999289e+00 4.360000000000000320e+00 2.000000000000000042e-02 1.456899999999999862e-01 1.700000000000000122e-01 2.700000000000000178e-01 6.400000000000000000e+01
2.999999999999999889e-02 3.099999999999999978e-01 1.550000000000000044e+00 9.919999999999999929e+00 3.650000000000000000e+01 3.936999999999999744e+01 7.620000000000000107e+00 4.759999999999999787e+00 2.299999999999999961e-02 5.421000000000000124e-02 8.000000000000000167e-02 2.000000000000000111e-01 6.600000000000000000e+01
5.000000000000000278e-02 3.900000000000000133e-01 8.960000000000000853e+00 3.149999999999999911e+00 3.207000000000000028e+01 4.139999999999999858e+01 4.679999999999999716e+00 5.929999999999999716e+00 1.799999999999999864e-02 2.065099999999999991e-01 2.200000000000000011e-01 2.600000000000000089e-01 6.800000000000000000e+01
2.000000000000000042e-02 1.499999999999999944e-01 1.590000000000000080e+00 9.480000000000000426e+00 6.709999999999999964e+00 7.392000000000000171e+01 5.719999999999999751e+00 4.530000000000000249e+00 2.299999999999999961e-02 2.596100000000000074e-01 2.700000000000000178e-01 3.499999999999999778e-01 7.500000000000000000e+01
4.000000000000000083e-02 5.000000000000000278e-02 4.519999999999999574e+00 6.540000000000000036e+00 4.278000000000000114e+01 4.074000000000000199e+01 5.389999999999999680e+00 3.540000000000000036e+00 2.000000000000000042e-02 2.657999999999999807e-01 2.800000000000000266e-01 3.400000000000000244e-01 6.500000000000000000e+01
2.000000000000000042e-02 1.499999999999999944e-01 6.790000000000000036e+00 8.310000000000000497e+00 6.121000000000000085e+01 3.639999999999999858e+01 4.370000000000000107e+00 4.780000000000000249e+00 1.200000000000000025e-02 3.050999999999999893e-02 5.000000000000000278e-02 1.600000000000000033e-01 4.600000000000000000e+01
5.000000000000000278e-02 4.000000000000000222e-01 4.629999999999999893e+00 6.440000000000000391e+00 2.808999999999999986e+01 6.121999999999999886e+01 4.000000000000000083e-02 2.319999999999999840e+00 2.100000000000000130e-02 3.150000000000000022e-03 2.999999999999999889e-02 1.000000000000000056e-01 6.600000000000000000e+01
2.999999999999999889e-02 3.099999999999999978e-01 1.510000000000000009e+00 8.220000000000000639e+00 4.810999999999999943e+01 2.753999999999999915e+01 6.700000000000000400e-01 2.720000000000000195e+00 2.199999999999999872e-02 4.023000000000000187e-02 7.000000000000000666e-02 2.000000000000000111e-01 6.200000000000000000e+01
1.000000000000000021e-02 3.900000000000000133e-01 6.669999999999999929e+00 6.309999999999999609e+00 1.912999999999999901e+01 2.946999999999999886e+01 9.730000000000000426e+00 5.639999999999999680e+00 2.400000000000000050e-02 4.318999999999999923e-02 5.999999999999999778e-02 1.100000000000000006e-01 4.700000000000000000e+01
4.000000000000000083e-02 1.799999999999999933e-01 6.500000000000000000e+00 4.879999999999999893e+00 1.433000000000000007e+01 5.596000000000000085e+01 5.169999999999999929e+00 3.129999999999999893e+00 1.299999999999999940e-02 1.327099999999999946e-01 1.400000000000000133e-01 1.600000000000000033e-01 6.700000000000000000e+01
5.000000000000000278e-02 7.000000000000000666e-02 1.719999999999999973e+00 9.480000000000000426e+00 2.858999999999999986e+01 6.417000000000000171e+01 9.960000000000000853e+00 6.559999999999999609e+00 2.000000000000000042e-02 2.197500000000000009e-01 2.300000000000000100e-01 3.099999999999999978e-01 7.300000000000000000e+01
1.000000000000000021e-02 5.000000000000000278e-02 9.560000000000000497e+00 2.189999999999999947e+00 2.267999999999999972e+01 6.929999999999999716e+01 7.629999999999999893e+00 3.290000000000000036e+00 1.400000000000000029e-02 3.432999999999999940e-02 5.000000000000000278e-02 1.000000000000000056e-01 4.500000000000000000e+01
2.000000000000000042e-02 4.799999999999999822e-01 8.050000000000000711e+00 4.959999999999999964e+00 4.674000000000000199e+01 4.802000000000000313e+01 6.959999999999999964e+00 4.129999999999999893e+00 2.299999999999999961e-02 2.293999999999999928e-01 2.399999999999999911e-01 3.200000000000000067e-01 4.600000000000000000e+01
4.000000000000000083e-02 5.000000000000000278e-02 1.010000000000000009e+00 4.519999999999999574e+00 2.887000000000000099e+01 5.989999999999999858e+01 6.620000000000000107e+00 6.990000000000000213e+00 2.000000000000000042e-02 7.451000000000000678e-02 1.000000000000000056e-01 2.200000000000000011e-01 6.200000000000000000e+01
2.999999999999999889e-02 3.200000000000000067e-01 1.360000000000000098e+00 7.059999999999999609e+00 5.246000000000000085e+01 7.070999999999999375e+01 9.400000000000000355e+00 5.059999999999999609e+00 1.899999999999999953e-02 2.791299999999999892e-01 2.899999999999999800e-01 3.900000000000000133e-01 5.800000000000000000e+01
2.999999999999999889e-02 8.000000000000000167e-02 5.999999999999999778e-01 5.980000000000000426e+00 5.909000000000000341e+01 4.727000000000000313e+01 9.849999999999999645e+00 6.419999999999999929e+00 1.099999999999999936e-02 1.097100000000000020e-01 1.300000000000000044e-01 2.500000000000000000e-01 4.600000000000000000e+01
1.000000000000000021e-02 2.099999999999999922e-01 6.830000000000000071e+00 6.049999999999999822e+00 9.789999999999999147e+00 7.209000000000000341e+01 5.690000000000000391e+00 3.169999999999999929e+00 1.799999999999999864e-02 2.419600000000000084e-01 2.399999999999999911e-01 2.700000000000000178e-01 4.800000000000000000e+01
2.999999999999999889e-02 4.899999999999999911e-01 9.710000000000000853e+00 9.269999999999999574e+00 8.234000000000000341e+01 2.887000000000000099e+01 7.320000000000000284e+00 6.269999999999999574e+00 1.499999999999999944e-02 6.768000000000000405e-02 8.999999999999999667e-02 2.200000000000000011e-01 4.900000000000000000e+01
2.999999999999999889e-02 4.500000000000000111e-01 4.599999999999999645e+00 7.049999999999999822e+00 7.518000000000000682e+01 4.253000000000000114e+01 4.500000000000000000e+00 2.129999999999999893e+00 1.200000000000000025e-02 2.400000000000000061e-04 2.000000000000000042e-02 1.700000000000000122e-01 4.500000000000000000e+01
2.999999999999999889e-02 3.699999999999999956e-01 9.490000000000000213e+00 7.919999999999999929e+00 5.736999999999999744e+01 3.660999999999999943e+01 6.660000000000000142e+00 3.549999999999999822e+00 1.700000000000000122e-02 1.074600000000000000e-01 1.199999999999999956e-01 2.200000000000000011e-01 5.400000000000000000e+01
4.000000000000000083e-02 2.800000000000000266e-01 8.109999999999999432e+00 6.429999999999999716e+00 2.730999999999999872e+01 4.774000000000000199e+01 6.480000000000000426e+00 5.490000000000000213e+00 1.499999999999999944e-02 4.515999999999999875e-02 5.999999999999999778e-02 1.199999999999999956e-01 5.900000000000000000e+01
5.000000000000000278e-02 3.400000000000000244e-01 6.980000000000000426e+00 5.150000000000000355e+00 5.125000000000000000e+01 7.673999999999999488e+01 1.780000000000000027e+00 4.330000000000000071e+00 1.600000000000000033e-02 1.704499999999999904e-01 1.799999999999999933e-01 2.600000000000000089e-01 5.700000000000000000e+01
1.000000000000000021e-02 1.000000000000000021e-02 9.899999999999999911e-01 2.970000000000000195e+00 3.884000000000000341e+01 6.687000000000000455e+01 5.100000000000000089e-01 2.850000000000000089e+00 1.299999999999999940e-02 1.361900000000000055e-01 1.499999999999999944e-01 2.700000000000000178e-01 4.600000000000000000e+01
2.000000000000000042e-02 5.999999999999999778e-02 9.939999999999999503e+00 4.360000000000000320e+00 6.629000000000000625e+01 5.174000000000000199e+01 4.519999999999999574e+00 2.149999999999999911e+00 1.899999999999999953e-02 2.330500000000000071e-01 2.500000000000000000e-01 3.400000000000000244e-01 5.300000000000000000e+01
5.000000000000000278e-02 2.600000000000000089e-01 8.410000000000000142e+00 3.660000000000000142e+00 3.474000000000000199e+01 7.912000000000000455e+01 4.650000000000000355e+00 4.910000000000000142e+00 1.799999999999999864e-02 1.309999999999999967e-03 2.000000000000000042e-02 1.100000000000000006e-01 5.900000000000000000e+01
2.000000000000000042e-02 1.700000000000000122e-01 3.290000000000000036e+00 8.320000000000000284e+00 8.339999999999999858e+00 3.965999999999999659e+01 9.140000000000000568e+00 2.350000000000000089e+00 2.400000000000000050e-02 2.657800000000000162e-01 2.700000000000000178e-01 3.099999999999999978e-01 1.320000000000000000e+02
2.000000000000000042e-02 3.300000000000000155e-01 7.580000000000000071e+00 2.649999999999999911e+00 6.665000000000000568e+01 2.866000000000000014e+01 1.870000000000000107e+00 4.219999999999999751e+00 1.200000000000000025e-02 1.732899999999999996e-01 1.799999999999999933e-01 2.800000000000000266e-01 4.600000000000000000e+01
4.000000000000000083e-02 3.200000000000000067e-01 6.330000000000000071e+00 6.490000000000000213e+00 3.279999999999999716e+01 7.157999999999999829e+01 9.699999999999999734e-01 5.070000000000000284e+00 2.000000000000000042e-02 2.591100000000000070e-01 2.700000000000000178e-01 3.200000000000000067e-01 6.800000000000000000e+01
4.000000000000000083e-02 2.000000000000000042e-02 7.440000000000000391e+00 9.119999999999999218e+00 6.631000000000000227e+01 5.525000000000000000e+01 2.180000000000000160e+00 6.900000000000000355e+00 1.799999999999999864e-02 4.678999999999999826e-02 7.000000000000000666e-02 1.900000000000000022e-01 5.500000000000000000e+01
4.000000000000000083e-02 4.799999999999999822e-01 2.700000000000000178e+00 5.530000000000000249e+00 2.710999999999999943e+01 2.667000000000000171e+01 9.699999999999999289e+00 4.959999999999999964e+00 1.400000000000000029e-02 3.041999999999999912e-02 5.000000000000000278e-02 1.100000000000000006e-01 5.900000000000000000e+01
2.999999999999999889e-02 4.899999999999999911e-01 6.799999999999999822e+00 6.150000000000000355e+00 6.545000000000000284e+01 7.476000000000000512e+01 9.949999999999999289e+00 3.709999999999999964e+00 2.000000000000000042e-02 1.440000000000000091e-03 2.999999999999999889e-02 1.700000000000000122e-01 5.300000000000000000e+01
1.000000000000000021e-02 1.600000000000000033e-01 7.910000000000000142e+00 9.740000000000000213e+00 5.477000000000000313e+01 6.315999999999999659e+01 9.160000000000000142e+00 5.889999999999999680e+00 2.000000000000000042e-02 2.766100000000000225e-01 2.899999999999999800e-01 3.699999999999999956e-01 4.300000000000000000e+01
2.999999999999999889e-02 2.899999999999999800e-01 5.969999999999999751e+00 3.189999999999999947e+00 8.420999999999999375e+01 2.628999999999999915e+01 7.299999999999999822e+00 2.990000000000000213e+00 2.299999999999999961e-02 2.357200000000000129e-01 2.600000000000000089e-01 3.699999999999999956e-01 5.700000000000000000e+01
4.000000000000000083e-02 1.199999999999999956e-01 4.530000000000000249e+00 2.350000000000000089e+00 3.180999999999999872e+01 5.975000000000000000e+01 7.709999999999999964e+00 6.280000000000000249e+00 1.200000000000000025e-02 1.066099999999999964e-01 1.199999999999999956e-01 1.700000000000000122e-01 5.400000000000000000e+01
2.999999999999999889e-02 3.499999999999999778e-01 6.580000000000000071e+00 5.309999999999999609e+00 2.512999999999999901e+01 3.638000000000000256e+01 3.049999999999999822e+00 5.339999999999999858e+00 2.199999999999999872e-02 9.167999999999999761e-02 1.100000000000000006e-01 1.600000000000000033e-01 4.900000000000000000e+01
2.000000000000000042e-02 1.799999999999999933e-01 9.330000000000000071e+00 2.939999999999999947e+00 8.345999999999999375e+01 3.057999999999999829e+01 8.199999999999999289e+00 4.049999999999999822e+00 1.200000000000000025e-02 1.763399999999999967e-01 1.900000000000000022e-01 2.999999999999999889e-01 4.500000000000000000e+01
1.000000000000000021e-02 4.699999999999999734e-01 8.900000000000000355e+00 7.820000000000000284e+00 4.660999999999999943e+01 6.879999999999999716e+01 7.299999999999999822e-01 4.129999999999999893e+00 2.299999999999999961e-02 1.074299999999999977e-01 1.300000000000000044e-01 2.200000000000000011e-01 4.400000000000000000e+01
2.000000000000000042e-02 2.099999999999999922e-01 2.580000000000000071e+00 6.000000000000000000e+00 6.420999999999999375e+01 2.739000000000000057e+01 7.679999999999999716e+00 2.689999999999999947e+00 2.000000000000000042e-02 2.976900000000000102e-01 3.099999999999999978e-01 4.000000000000000222e-01 5.700000000000000000e+01
2.999999999999999889e-02 3.900000000000000133e-01 9.710000000000000853e+00 6.790000000000000036e+00 4.415999999999999659e+01 5.897999999999999687e+01 9.150000000000000355e+00 5.070000000000000284e+00 1.200000000000000025e-02 3.000000000000000062e-03 2.000000000000000042e-02 1.199999999999999956e-01 4.700000000000000000e+01
4.000000000000000083e-02 1.300000000000000044e-01 1.949999999999999956e+00 6.709999999999999964e+00 5.863000000000000256e+01 7.910999999999999943e+01 4.540000000000000036e+00 5.959999999999999964e+00 2.299999999999999961e-02 1.245499999999999940e-01 1.499999999999999944e-01 2.600000000000000089e-01 6.600000000000000000e+01
5.000000000000000278e-02 7.000000000000000666e-02 7.900000000000000355e-01 7.219999999999999751e+00 3.286999999999999744e+01 5.307000000000000028e+01 1.399999999999999911e+00 5.320000000000000284e+00 1.499999999999999944e-02 2.412999999999999867e-02 5.000000000000000278e-02 1.900000000000000022e-01 5.300000000000000000e+01
4.000000000000000083e-02 4.099999999999999756e-01 1.560000000000000053e+00 8.189999999999999503e+00 9.509999999999999787e+00 4.674000000000000199e+01 2.910000000000000142e+00 5.969999999999999751e+00 1.200000000000000025e-02 5.623000000000000220e-02 7.000000000000000666e-02 1.600000000000000033e-01 6.000000000000000000e+01
5.000000000000000278e-02 4.799999999999999822e-01 9.279999999999999361e+00 6.009999999999999787e+00 2.442999999999999972e+01 2.871999999999999886e+01 9.000000000000000000e+00 6.240000000000000213e+00 2.199999999999999872e-02 2.992699999999999805e-01 2.999999999999999889e-01 3.400000000000000244e-01 5.300000000000000000e+01
4.000000000000000083e-02 2.800000000000000266e-01 4.339999999999999858e+00 6.730000000000000426e+00 1.491000000000000014e+01 6.909000000000000341e+01 7.780000000000000249e+00 5.230000000000000426e+00 1.799999999999999864e-02 2.373099999999999932e-01 2.399999999999999911e-01 2.700000000000000178e-01 5.300000000000000000e+01
5.000000000000000278e-02 2.200000000000000011e-01 1.620000000000000107e+00 7.919999999999999929e+00 1.526999999999999957e+01 7.917000000000000171e+01 9.200000000000000400e-01 3.160000000000000142e+00 1.099999999999999936e-02 3.432999999999999940e-02 5.000000000000000278e-02 1.400000000000000133e-01 5.800000000000000000e+01
4.000000000000000083e-02 3.800000000000000044e-01 6.990000000000000213e+00 2.200000000000000178e+00 2.469999999999999929e+01 7.381000000000000227e+01 2.100000000000000089e+00 4.889999999999999680e+00 2.100000000000000130e-02 1.372099999999999986e-01 1.499999999999999944e-01 1.900000000000000022e-01 5.100000000000000000e+01
2.999999999999999889e-02 3.300000000000000155e-01 8.460000000000000853e+00 3.819999999999999840e+00 1.190000000000000036e+01 6.643000000000000682e+01 6.559999999999999609e+00 5.280000000000000249e+00 1.499999999999999944e-02 3.905999999999999750e-02 5.000000000000000278e-02 8.000000000000000167e-02 4.900000000000000000e+01
5.000000000000000278e-02 1.000000000000000021e-02 5.620000000000000107e+00 4.530000000000000249e+00 2.503999999999999915e+01 7.215000000000000568e+01 4.089999999999999858e+00 2.209999999999999964e+00 2.199999999999999872e-02 9.450999999999999679e-02 1.100000000000000006e-01 1.600000000000000033e-01 7.700000000000000000e+01
4.000000000000000083e-02 4.600000000000000200e-01 8.619999999999999218e+00 8.929999999999999716e+00 6.107000000000000028e+01 7.967000000000000171e+01 4.410000000000000142e+00 2.970000000000000195e+00 1.899999999999999953e-02 5.729999999999999850e-03 2.999999999999999889e-02 1.600000000000000033e-01 5.500000000000000000e+01
5.000000000000000278e-02 4.699999999999999734e-01 1.290000000000000036e+00 4.790000000000000036e+00 6.403000000000000114e+01 6.660999999999999943e+01 9.089999999999999858e+00 5.530000000000000249e+00 2.299999999999999961e-02 1.237899999999999973e-01 1.499999999999999944e-01 2.700000000000000178e-01 6.300000000000000000e+01
2.000000000000000042e-02 1.000000000000000021e-02 5.900000000000000355e+00 4.450000000000000178e+00 7.235999999999999943e+01 6.701999999999999602e+01 5.559999999999999609e+00 6.280000000000000249e+00 1.700000000000000122e-02 5.886999999999999872e-02 8.000000000000000167e-02 2.099999999999999922e-01 5.000000000000000000e+01
2.000000000000000042e-02 2.000000000000000111e-01 8.699999999999999956e-01 4.990000000000000213e+00 7.954000000000000625e+01 4.668999999999999773e+01 7.450000000000000178e+00 2.029999999999999805e+00 1.499999999999999944e-02 2.767200000000000215e-01 2.899999999999999800e-01 4.099999999999999756e-01 4.700000000000000000e+01
4.000000000000000083e-02 2.300000000000000100e-01 3.279999999999999805e+00 3.549999999999999822e+00 4.295000000000000284e+01 7.646999999999999886e+01 1.360000000000000098e+00 6.490000000000000213e+00 1.499999999999999944e-02 1.948300000000000032e-01 2.099999999999999922e-01 2.700000000000000178e-01 5.600000000000000000e+01
1.000000000000000021e-02 5.000000000000000278e-02 9.250000000000000000e+00 8.630000000000000782e+00 6.534000000000000341e+01 4.796000000000000085e+01 3.120000000000000107e+00 5.000000000000000000e+00 1.600000000000000033e-02 1.832499999999999962e-01 2.000000000000000111e-01 2.899999999999999800e-01 4.700000000000000000e+01
2.999999999999999889e-02 1.900000000000000022e-01 5.240000000000000213e+00 9.160000000000000142e+00 3.210999999999999943e+01 6.434000000000000341e+01 9.769999999999999574e+00 2.330000000000000071e+00 2.299999999999999961e-02 1.161900000000000016e-01 1.300000000000000044e-01 1.900000000000000022e-01 4.900000000000000000e+01
2.999999999999999889e-02 4.799999999999999822e-01 3.859999999999999876e+00 9.050000000000000711e+00 3.150000000000000000e+01 7.948000000000000398e+01 8.499999999999999778e-01 2.529999999999999805e+00 1.799999999999999864e-02 2.841199999999999837e-01 2.899999999999999800e-01 3.400000000000000244e-01 4.800000000000000000e+01
1.000000000000000021e-02 2.000000000000000042e-02 2.229999999999999982e+00 9.919999999999999929e+00 6.820000000000000284e+00 4.225000000000000000e+01 1.669999999999999929e+00 3.660000000000000142e+00 1.200000000000000025e-02 1.086799999999999988e-01 1.199999999999999956e-01 1.700000000000000122e-01 7.100000000000000000e+01
1.000000000000000021e-02 4.600000000000000200e-01 5.799999999999999822e+00 4.030000000000000249e+00 7.009999999999999787e+00 3.332000000000000028e+01 9.179999999999999716e+00 5.809999999999999609e+00 2.000000000000000042e-02 2.587800000000000100e-01 2.600000000000000089e-01 2.800000000000000266e-01 5.400000000000000000e+01
1.000000000000000021e-02 2.700000000000000178e-01 3.589999999999999858e+00 4.650000000000000355e+00 2.685000000000000142e+01 4.396000000000000085e+01 5.919999999999999929e+00 3.529999999999999805e+00 1.899999999999999953e-02 1.935900000000000121e-01 2.000000000000000111e-01 2.500000000000000000e-01 4.500000000000000000e+01
2.000000000000000042e-02 2.500000000000000000e-01 6.940000000000000391e+00 9.839999999999999858e+00 2.187999999999999901e+01 2.857000000000000028e+01 7.580000000000000071e+00 6.440000000000000391e+00 2.000000000000000042e-02 1.352800000000000114e-01 1.499999999999999944e-01 1.900000000000000022e-01 4.800000000000000000e+01
2.000000000000000042e-02 3.900000000000000133e-01 7.830000000000000071e+00 4.019999999999999574e+00 1.191999999999999993e+01 4.167999999999999972e+01 5.150000000000000355e+00 2.770000000000000018e+00 2.100000000000000130e-02 2.865500000000000269e-01 2.899999999999999800e-01 3.099999999999999978e-01 5.300000000000000000e+01
2.999999999999999889e-02 2.000000000000000042e-02 1.320000000000000062e+00 7.330000000000000071e+00 4.113000000000000256e+01 5.214999999999999858e+01 6.809999999999999609e+00 2.879999999999999893e+00 1.600000000000000033e-02 2.145299999999999985e-01 2.300000000000000100e-01 3.300000000000000155e-01 5.500000000000000000e+01
2.000000000000000042e-02 1.799999999999999933e-01 9.849999999999999645e+00 3.049999999999999822e+00 7.812999999999999545e+01 3.803000000000000114e+01 6.360000000000000320e+00 4.610000000000000320e+00 2.199999999999999872e-02 7.578000000000000014e-02 1.100000000000000006e-01 2.099999999999999922e-01 7.200000000000000000e+01
2.999999999999999889e-02 2.999999999999999889e-01 5.639999999999999680e+00 5.790000000000000036e+00 2.703999999999999915e+01 5.795000000000000284e+01 4.129999999999999893e+00 4.209999999999999964e+00 2.000000000000000042e-02 5.401999999999999857e-02 7.000000000000000666e-02 1.300000000000000044e-01 4.900000000000000000e+01
2.999999999999999889e-02 8.000000000000000167e-02 7.080000000000000071e+00 4.030000000000000249e+00 1.985000000000000142e+01 7.621999999999999886e+01 5.639999999999999680e+00 4.870000000000000107e+00 2.000000000000000042e-02 8.344999999999999640e-02 1.000000000000000056e-01 1.400000000000000133e-01 4.900000000000000000e+01
2.000000000000000042e-02 2.000000000000000042e-02 2.270000000000000018e+00 9.359999999999999432e+00 1.125999999999999979e+01 7.695000000000000284e+01 3.270000000000000018e+00 3.350000000000000089e+00 2.299999999999999961e-02 2.686100000000000154e-01 2.800000000000000266e-01 3.400000000000000244e-01 9.800000000000000000e+01
4.000000000000000083e-02 4.000000000000000083e-02 1.520000000000000018e+00 4.879999999999999893e+00 1.987000000000000099e+01 4.415999999999999659e+01 5.009999999999999787e+00 6.519999999999999574e+00 2.299999999999999961e-02 1.806800000000000073e-01 2.000000000000000111e-01 2.899999999999999800e-01 7.500000000000000000e+01
5.000000000000000278e-02 2.600000000000000089e-01 9.880000000000000782e+00 4.519999999999999574e+00 8.404000000000000625e+01 3.357000000000000028e+01 9.640000000000000568e+00 5.500000000000000000e+00 1.099999999999999936e-02 1.098999999999999977e-01 1.199999999999999956e-01 2.300000000000000100e-01 4.700000000000000000e+01
2.000000000000000042e-02 5.000000000000000278e-02 7.459999999999999964e+00 4.759999999999999787e+00 1.976000000000000156e+01 4.321000000000000085e+01 2.290000000000000036e+00 2.939999999999999947e+00 1.799999999999999864e-02 1.936999999999999833e-02 2.999999999999999889e-02 8.999999999999999667e-02 4.700000000000000000e+01
2.000000000000000042e-02 1.499999999999999944e-01 7.099999999999999645e+00 3.600000000000000089e+00 4.820000000000000284e+01 4.802000000000000313e+01 9.619999999999999218e+00 3.430000000000000160e+00 1.899999999999999953e-02 1.818500000000000116e-01 2.000000000000000111e-01 2.700000000000000178e-01 4.600000000000000000e+01
2.999999999999999889e-02 2.899999999999999800e-01 1.270000000000000018e+00 6.339999999999999858e+00 8.109999999999999432e+00 5.767000000000000171e+01 2.919999999999999929e+00 5.269999999999999574e+00 2.100000000000000130e-02 1.543799999999999895e-01 1.700000000000000122e-01 2.700000000000000178e-01 6.800000000000000000e+01
4.000000000000000083e-02 3.599999999999999867e-01 7.900000000000000355e+00 5.610000000000000320e+00 7.309999999999999609e+00 6.493000000000000682e+01 4.719999999999999751e+00 6.040000000000000036e+00 1.099999999999999936e-02 2.387700000000000100e-01 2.399999999999999911e-01 2.500000000000000000e-01 5.100000000000000000e+01
4.000000000000000083e-02 5.999999999999999778e-02 5.830000000000000071e+00 9.660000000000000142e+00 8.484999999999999432e+01 5.406000000000000227e+01 4.879999999999999893e+00 3.979999999999999982e+00 2.299999999999999961e-02 3.660000000000000059e-03 4.000000000000000083e-02 2.099999999999999922e-01 5.600000000000000000e+01
2.000000000000000042e-02 8.000000000000000167e-02 1.489999999999999991e+00 7.759999999999999787e+00 2.001999999999999957e+01 7.248999999999999488e+01 8.990000000000000213e+00 5.570000000000000284e+00 1.600000000000000033e-02 2.664400000000000102e-01 2.800000000000000266e-01 3.599999999999999867e-01 6.000000000000000000e+01
2.000000000000000042e-02 4.400000000000000022e-01 2.939999999999999947e+00 2.930000000000000160e+00 2.091000000000000014e+01 4.657000000000000028e+01 3.180000000000000160e+00 4.559999999999999609e+00 1.899999999999999953e-02 2.552800000000000069e-01 2.600000000000000089e-01 3.099999999999999978e-01 1.210000000000000000e+02
2.000000000000000042e-02 2.999999999999999889e-02 8.099999999999999645e+00 7.339999999999999858e+00 1.307000000000000028e+01 7.329999999999999716e+01 9.669999999999999929e+00 3.660000000000000142e+00 1.899999999999999953e-02 2.898999999999999910e-01 2.899999999999999800e-01 3.200000000000000067e-01 5.000000000000000000e+01
1.000000000000000021e-02 2.200000000000000011e-01 9.800000000000000711e+00 8.769999999999999574e+00 7.623000000000000398e+01 7.010999999999999943e+01 3.300000000000000155e-01 5.820000000000000284e+00 2.299999999999999961e-02 1.937500000000000056e-01 2.200000000000000011e-01 3.300000000000000155e-01 4.400000000000000000e+01
1.000000000000000021e-02 3.300000000000000155e-01 5.870000000000000107e+00 8.330000000000000071e+00 6.342000000000000171e+01 4.131000000000000227e+01 6.450000000000000178e+00 3.740000000000000213e+00 1.600000000000000033e-02 8.501999999999999835e-02 1.000000000000000056e-01 2.099999999999999922e-01 4.700000000000000000e+01
4.000000000000000083e-02 2.200000000000000011e-01 5.110000000000000320e+00 7.179999999999999716e+00 3.831000000000000227e+01 6.143999999999999773e+01 5.889999999999999680e+00 3.290000000000000036e+00 1.200000000000000025e-02 6.151999999999999830e-02 7.000000000000000666e-02 1.499999999999999944e-01 5.100000000000000000e+01
4.000000000000000083e-02 1.900000000000000022e-01 9.429999999999999716e+00 2.879999999999999893e+00 4.210999999999999943e+01 3.692999999999999972e+01 3.910000000000000142e+00 4.429999999999999716e+00 1.299999999999999940e-02 2.069999999999999792e-03 2.000000000000000042e-02 1.199999999999999956e-01 5.000000000000000000e+01
4.000000000000000083e-02 3.400000000000000244e-01 4.459999999999999964e+00 4.549999999999999822e+00 7.434999999999999432e+01 6.992000000000000171e+01 1.159999999999999920e+00 6.129999999999999893e+00 1.700000000000000122e-02 1.636999999999999914e-02 4.000000000000000083e-02 1.799999999999999933e-01 5.200000000000000000e+01
4.000000000000000083e-02 5.000000000000000278e-02 6.169999999999999929e+00 2.930000000000000160e+00 1.841000000000000014e+01 3.260000000000000142e+01 7.389999999999999680e+00 3.850000000000000089e+00 2.299999999999999961e-02 2.573999999999999899e-02 4.000000000000000083e-02 8.999999999999999667e-02 7.900000000000000000e+01
2.999999999999999889e-02 4.000000000000000222e-01 6.660000000000000142e+00 9.369999999999999218e+00 2.260000000000000142e+01 3.310999999999999943e+01 9.060000000000000497e+00 4.459999999999999964e+00 1.400000000000000029e-02 2.443899999999999961e-01 2.500000000000000000e-01 2.800000000000000266e-01 6.100000000000000000e+01
4.000000000000000083e-02 4.000000000000000083e-02 1.909999999999999920e+00 9.330000000000000071e+00 2.641000000000000014e+01 4.074000000000000199e+01 8.519999999999999574e+00 5.530000000000000249e+00 1.700000000000000122e-02 2.560499999999999998e-01 2.700000000000000178e-01 3.300000000000000155e-01 7.000000000000000000e+01
1.000000000000000021e-02 5.999999999999999778e-02 4.299999999999999822e+00 3.419999999999999929e+00 4.017999999999999972e+01 3.588000000000000256e+01 9.060000000000000497e+00 6.099999999999999645e+00 1.400000000000000029e-02 2.117700000000000138e-01 2.200000000000000011e-01 2.800000000000000266e-01 4.700000000000000000e+01
2.999999999999999889e-02 7.000000000000000666e-02 7.849999999999999645e+00 6.230000000000000426e+00 4.810000000000000142e+01 7.215999999999999659e+01 1.489999999999999991e+00 2.390000000000000124e+00 1.099999999999999936e-02 6.574000000000000676e-02 8.000000000000000167e-02 1.600000000000000033e-01 4.800000000000000000e+01
2.000000000000000042e-02 1.400000000000000133e-01 6.120000000000000107e+00 7.940000000000000391e+00 3.392000000000000171e+01 5.389000000000000057e+01 4.459999999999999964e+00 5.450000000000000178e+00 1.200000000000000025e-02 1.142299999999999982e-01 1.199999999999999956e-01 1.799999999999999933e-01 4.900000000000000000e+01
4.000000000000000083e-02 1.199999999999999956e-01 9.039999999999999147e+00 3.299999999999999822e+00 3.318999999999999773e+01 5.764999999999999858e+01 6.870000000000000107e+00 4.910000000000000142e+00 1.700000000000000122e-02 2.751600000000000157e-01 2.800000000000000266e-01 3.300000000000000155e-01 6.300000000000000000e+01
1.000000000000000021e-02 2.800000000000000266e-01 3.399999999999999911e+00 4.330000000000000071e+00 1.109999999999999964e+01 6.904000000000000625e+01 1.870000000000000107e+00 2.470000000000000195e+00 2.199999999999999872e-02 1.156999999999999973e-01 1.300000000000000044e-01 1.600000000000000033e-01 1.270000000000000000e+02
2.000000000000000042e-02 4.299999999999999933e-01 3.779999999999999805e+00 9.570000000000000284e+00 2.405000000000000071e+01 6.703000000000000114e+01 1.330000000000000071e+00 4.509999999999999787e+00 2.299999999999999961e-02 2.041999999999999926e-01 2.200000000000000011e-01 2.600000000000000089e-01 4.900000000000000000e+01
2.999999999999999889e-02 2.099999999999999922e-01 3.500000000000000000e+00 2.339999999999999858e+00 5.492999999999999972e+01 7.951999999999999602e+01 7.900000000000000355e+00 4.500000000000000000e+00 1.899999999999999953e-02 2.110499999999999876e-01 2.300000000000000100e-01 2.999999999999999889e-01 5.800000000000000000e+01
2.000000000000000042e-02 1.300000000000000044e-01 6.660000000000000142e+00 5.639999999999999680e+00 5.285999999999999943e+01 6.609000000000000341e+01 1.560000000000000053e+00 2.149999999999999911e+00 1.899999999999999953e-02 3.858000000000000318e-02 5.999999999999999778e-02 1.700000000000000122e-01 5.400000000000000000e+01
2.000000000000000042e-02 4.600000000000000200e-01 8.720000000000000639e+00 3.169999999999999929e+00 5.640999999999999659e+01 7.746999999999999886e+01 2.509999999999999787e+00 4.830000000000000071e+00 1.299999999999999940e-02 1.112800000000000039e-01 1.199999999999999956e-01 2.200000000000000011e-01 4.700000000000000000e+01
2.999999999999999889e-02 4.500000000000000111e-01 4.980000000000000426e+00 8.410000000000000142e+00 5.460000000000000142e+01 4.740999999999999659e+01 2.589999999999999858e+00 5.650000000000000355e+00 1.400000000000000029e-02 2.540999999999999925e-01 2.600000000000000089e-01 3.400000000000000244e-01 5.100000000000000000e+01
2.000000000000000042e-02 5.999999999999999778e-02 5.049999999999999822e+00 3.410000000000000142e+00 1.053999999999999915e+01 5.786999999999999744e+01 9.500000000000000000e+00 3.250000000000000000e+00 2.299999999999999961e-02 2.986000000000000112e-02 4.000000000000000083e-02 8.000000000000000167e-02 5.100000000000000000e+01
2.000000000000000042e-02 2.000000000000000042e-02 6.750000000000000000e+00 4.030000000000000249e+00 8.015000000000000568e+01 5.145000000000000284e+01 6.549999999999999822e+00 4.280000000000000249e+00 1.899999999999999953e-02 2.564299999999999913e-01 2.700000000000000178e-01 3.800000000000000044e-01 5.100000000000000000e+01
2.000000000000000042e-02 4.099999999999999756e-01 6.400000000000000133e-01 5.250000000000000000e+00 3.890999999999999659e+01 3.007999999999999829e+01 6.799999999999999822e+00 6.559999999999999609e+00 1.200000000000000025e-02 2.398399999999999976e-01 2.500000000000000000e-01 3.099999999999999978e-01 6.900000000000000000e+01
2.999999999999999889e-02 3.499999999999999778e-01 6.900000000000000355e+00 3.790000000000000036e+00 1.083000000000000007e+01 4.720000000000000284e+01 6.030000000000000249e+00 3.000000000000000000e+00 1.200000000000000025e-02 1.860999999999999877e-01 1.900000000000000022e-01 2.099999999999999922e-01 5.100000000000000000e+01
2.000000000000000042e-02 2.700000000000000178e-01 6.339999999999999858e+00 2.819999999999999840e+00 7.175000000000000000e+01 7.051000000000000512e+01 2.910000000000000142e+00 3.779999999999999805e+00 2.199999999999999872e-02 2.084199999999999942e-01 2.300000000000000100e-01 3.300000000000000155e-01 5.600000000000000000e+01
2.999999999999999889e-02 4.000000000000000222e-01 7.700000000000000178e-01 6.169999999999999929e+00 2.362000000000000099e+01 7.856999999999999318e+01 8.599999999999999867e-01 3.080000000000000071e+00 1.299999999999999940e-02 4.799999999999999580e-03 2.999999999999999889e-02 1.799999999999999933e-01 4.900000000000000000e+01
2.000000000000000042e-02 3.099999999999999978e-01 7.099999999999999645e+00 2.790000000000000036e+00 3.112999999999999901e+01 5.120000000000000284e+01 6.599999999999999645e+00 5.839999999999999858e+00 1.899999999999999953e-02 8.354000000000000314e-02 1.000000000000000056e-01 1.600000000000000033e-01 4.600000000000000000e+01
1.000000000000000021e-02 4.400000000000000022e-01 1.620000000000000107e+00 5.740000000000000213e+00 3.942999999999999972e+01 6.432999999999999829e+01 4.089999999999999858e+00 3.700000000000000178e+00 2.199999999999999872e-02 2.423399999999999999e-01 2.600000000000000089e-01 3.499999999999999778e-01 6.100000000000000000e+01
4.000000000000000083e-02 1.300000000000000044e-01 4.480000000000000426e+00 4.080000000000000071e+00 2.476999999999999957e+01 2.755000000000000071e+01 3.129999999999999893e+00 4.280000000000000249e+00 1.600000000000000033e-02 1.450200000000000100e-01 1.499999999999999944e-01 2.000000000000000111e-01 6.400000000000000000e+01
2.999999999999999889e-02 3.400000000000000244e-01 8.990000000000000213e+00 5.190000000000000391e+00 5.334000000000000341e+01 6.539000000000000057e+01 1.570000000000000062e+00 2.709999999999999964e+00 1.400000000000000029e-02 2.437699999999999867e-01 2.500000000000000000e-01 3.300000000000000155e-01 5.000000000000000000e+01
1.000000000000000021e-02 2.600000000000000089e-01 6.150000000000000355e+00 8.300000000000000711e+00 2.655000000000000071e+01 4.622999999999999687e+01 3.160000000000000142e+00 5.030000000000000249e+00 1.099999999999999936e-02 1.306900000000000006e-01 1.400000000000000133e-01 1.900000000000000022e-01 4.800000000000000000e+01
5.000000000000000278e-02 4.699999999999999734e-01 8.830000000000000071e+00 5.879999999999999893e+00 7.769999999999999574e+00 3.403000000000000114e+01 1.350000000000000089e+00 3.140000000000000124e+00 2.100000000000000130e-02 2.181299999999999906e-01 2.200000000000000011e-01 2.399999999999999911e-01 6.400000000000000000e+01
1.000000000000000021e-02 1.900000000000000022e-01 3.709999999999999964e+00 6.790000000000000036e+00 8.220999999999999375e+01 5.952000000000000313e+01 7.740000000000000213e+00 5.379999999999999893e+00 2.000000000000000042e-02 2.636100000000000110e-01 2.800000000000000266e-01 3.900000000000000133e-01 4.700000000000000000e+01
4.000000000000000083e-02 3.300000000000000155e-01 3.700000000000000178e+00 8.380000000000000782e+00 8.134999999999999432e+01 4.514999999999999858e+01 9.199999999999999289e+00 2.379999999999999893e+00 1.200000000000000025e-02 1.468999999999999993e-02 4.000000000000000083e-02 1.799999999999999933e-01 4.700000000000000000e+01
4.000000000000000083e-02 1.000000000000000021e-02 3.290000000000000036e+00 6.480000000000000426e+00 9.630000000000000782e+00 6.529000000000000625e+01 5.100000000000000089e-01 5.740000000000000213e+00 2.000000000000000042e-02 1.905499999999999972e-01 2.000000000000000111e-01 2.300000000000000100e-01 1.350000000000000000e+02
4.000000000000000083e-02 1.499999999999999944e-01 1.090000000000000080e+00 6.830000000000000071e+00 8.519999999999999574e+00 6.565000000000000568e+01 4.099999999999999756e-01 2.339999999999999858e+00 1.700000000000000122e-02 2.175999999999999879e-01 2.300000000000000100e-01 3.200000000000000067e-01 6.100000000000000000e+01
2.000000000000000042e-02 2.399999999999999911e-01 5.940000000000000391e+00 7.769999999999999574e+00 3.872999999999999687e+01 3.185000000000000142e+01 6.199999999999999956e-01 2.529999999999999805e+00 1.700000000000000122e-02 2.960200000000000053e-01 2.999999999999999889e-01 3.599999999999999867e-01 5.500000000000000000e+01
4.000000000000000083e-02 5.999999999999999778e-02 1.030000000000000027e+00 9.119999999999999218e+00 5.625999999999999801e+01 4.003000000000000114e+01 8.269999999999999574e+00 5.240000000000000213e+00 1.600000000000000033e-02 2.052999999999999964e-02 5.000000000000000278e-02 2.000000000000000111e-01 5.300000000000000000e+01
1.000000000000000021e-02 2.800000000000000266e-01 6.910000000000000142e+00 3.490000000000000213e+00 2.464999999999999858e+01 5.925999999999999801e+01 7.089999999999999858e+00 5.410000000000000142e+00 1.400000000000000029e-02 2.680100000000000260e-01 2.700000000000000178e-01 3.099999999999999978e-01 4.600000000000000000e+01
1.000000000000000021e-02 2.700000000000000178e-01 6.459999999999999964e+00 2.399999999999999911e+00 4.885000000000000142e+01 2.760999999999999943e+01 5.790000000000000036e+00 5.639999999999999680e+00 1.899999999999999953e-02 2.378800000000000081e-01 2.500000000000000000e-01 3.200000000000000067e-01 4.400000000000000000e+01
2.000000000000000042e-02 1.799999999999999933e-01 5.290000000000000036e+00 7.070000000000000284e+00 3.313000000000000256e+01 5.139000000000000057e+01 7.280000000000000249e+00 5.049999999999999822e+00 2.199999999999999872e-02 5.430000000000000104e-02 7.000000000000000666e-02 1.499999999999999944e-01 4.700000000000000000e+01
1.000000000000000021e-02 3.400000000000000244e-01 3.220000000000000195e+00 9.910000000000000142e+00 6.457999999999999829e+01 3.046000000000000085e+01 6.929999999999999716e+00 5.099999999999999645e+00 1.899999999999999953e-02 2.281600000000000017e-01 2.399999999999999911e-01 3.300000000000000155e-01 4.300000000000000000e+01
1.000000000000000021e-02 3.800000000000000044e-01 2.879999999999999893e+00 4.750000000000000000e+00 5.628000000000000114e+01 7.359000000000000341e+01 5.730000000000000426e+00 3.290000000000000036e+00 1.700000000000000122e-02 6.554000000000000103e-02 8.999999999999999667e-02 1.900000000000000022e-01 4.800000000000000000e+01
2.999999999999999889e-02 2.800000000000000266e-01 1.550000000000000044e+00 4.120000000000000107e+00 5.102000000000000313e+01 4.347999999999999687e+01 1.810000000000000053e+00 5.980000000000000426e+00 1.899999999999999953e-02 2.774099999999999899e-01 2.899999999999999800e-01 3.900000000000000133e-01 5.800000000000000000e+01
2.999999999999999889e-02 3.400000000000000244e-01 3.770000000000000018e+00 6.780000000000000249e+00 3.506000000000000227e+01 7.262999999999999545e+01 6.169999999999999929e+00 4.940000000000000391e+00 1.600000000000000033e-02 2.831500000000000128e-01 2.899999999999999800e-01 3.400000000000000244e-01 5.800000000000000000e+01
1.000000000000000021e-02 1.300000000000000044e-01 2.319999999999999840e+00 2.910000000000000142e+00 8.276000000000000512e+01 7.503000000000000114e+01 6.389999999999999680e+00 3.839999999999999858e+00 1.600000000000000033e-02 2.554899999999999949e-01 2.700000000000000178e-01 3.800000000000000044e-01 4.700000000000000000e+01
1.000000000000000021e-02 1.199999999999999956e-01 3.790000000000000036e+00 8.560000000000000497e+00 5.859000000000000341e+01 2.848000000000000043e+01 5.580000000000000071e+00 2.140000000000000124e+00 1.799999999999999864e-02 3.980999999999999817e-02 5.999999999999999778e-02 1.799999999999999933e-01 4.900000000000000000e+01
1.000000000000000021e-02 8.999999999999999667e-02 4.740000000000000213e+00 7.669999999999999929e+00 3.546000000000000085e+01 4.867000000000000171e+01 4.849999999999999645e+00 5.959999999999999964e+00 1.799999999999999864e-02 2.912600000000000189e-01 2.999999999999999889e-01 3.499999999999999778e-01 4.300000000000000000e+01
4.000000000000000083e-02 4.000000000000000222e-01 3.419999999999999929e+00 2.870000000000000107e+00 1.173000000000000043e+01 6.462000000000000455e+01 8.890000000000000568e+00 5.349999999999999645e+00 2.299999999999999961e-02 2.798999999999999821e-01 2.800000000000000266e-01 3.099999999999999978e-01 1.340000000000000000e+02
2.000000000000000042e-02 8.999999999999999667e-02 4.190000000000000391e+00 7.190000000000000391e+00 5.377000000000000313e+01 3.178000000000000114e+01 9.199999999999999289e+00 5.129999999999999893e+00 1.600000000000000033e-02 3.771999999999999659e-02 5.999999999999999778e-02 1.700000000000000122e-01 5.000000000000000000e+01
4.000000000000000083e-02 8.000000000000000167e-02 1.169999999999999929e+00 9.410000000000000142e+00 5.519999999999999574e+00 4.035999999999999943e+01 7.519999999999999574e+00 5.809999999999999609e+00 1.600000000000000033e-02 4.163000000000000034e-02 5.999999999999999778e-02 1.700000000000000122e-01 6.100000000000000000e+01
4.000000000000000083e-02 4.400000000000000022e-01 4.669999999999999929e+00 6.059999999999999609e+00 4.995000000000000284e+01 5.196999999999999886e+01 3.580000000000000071e+00 5.099999999999999645e+00 1.600000000000000033e-02 1.714400000000000091e-01 1.799999999999999933e-01 2.600000000000000089e-01 5.700000000000000000e+01
1.000000000000000021e-02 2.600000000000000089e-01 8.900000000000000355e+00 6.059999999999999609e+00 1.317999999999999972e+01 7.862000000000000455e+01 1.379999999999999893e+00 6.019999999999999574e+00 1.299999999999999940e-02 2.903299999999999770e-01 2.899999999999999800e-01 3.200000000000000067e-01 4.600000000000000000e+01
1.000000000000000021e-02 1.600000000000000033e-01 2.390000000000000124e+00 3.830000000000000071e+00 5.803999999999999915e+01 7.087999999999999545e+01 4.809999999999999609e+00 6.950000000000000178e+00 1.499999999999999944e-02 2.660600000000000187e-01 2.800000000000000266e-01 3.599999999999999867e-01 5.000000000000000000e+01
2.999999999999999889e-02 1.799999999999999933e-01 1.719999999999999973e+00 7.419999999999999929e+00 6.139999999999999680e+00 7.490000000000000568e+01 4.950000000000000178e+00 6.089999999999999858e+00 1.099999999999999936e-02 2.758700000000000041e-01 2.800000000000000266e-01 3.400000000000000244e-01 6.100000000000000000e+01
2.000000000000000042e-02 3.099999999999999978e-01 1.310000000000000053e+00 2.819999999999999840e+00 1.880000000000000071e+01 5.042000000000000171e+01 2.740000000000000213e+00 4.009999999999999787e+00 1.799999999999999864e-02 5.587999999999999912e-02 8.000000000000000167e-02 1.900000000000000022e-01 5.900000000000000000e+01
2.999999999999999889e-02 4.099999999999999756e-01 5.599999999999999645e+00 9.009999999999999787e+00 1.751999999999999957e+01 7.676000000000000512e+01 1.310000000000000053e+00 5.169999999999999929e+00 2.299999999999999961e-02 9.338000000000000467e-02 1.100000000000000006e-01 1.499999999999999944e-01 5.100000000000000000e+01
1.000000000000000021e-02 4.600000000000000200e-01 2.100000000000000089e+00 9.220000000000000639e+00 6.381000000000000227e+01 6.285000000000000142e+01 1.979999999999999982e+00 6.940000000000000391e+00 1.799999999999999864e-02 1.985300000000000120e-01 2.200000000000000011e-01 3.200000000000000067e-01 5.200000000000000000e+01
5.000000000000000278e-02 5.000000000000000278e-02 9.359999999999999432e+00 7.559999999999999609e+00 3.000000000000000000e+01 7.626999999999999602e+01 2.319999999999999840e+00 3.370000000000000107e+00 2.299999999999999961e-02 2.595700000000000229e-01 2.700000000000000178e-01 3.200000000000000067e-01 7.700000000000000000e+01
2.999999999999999889e-02 1.199999999999999956e-01 6.990000000000000213e+00 6.610000000000000320e+00 5.824000000000000199e+01 7.765000000000000568e+01 8.589999999999999858e+00 5.419999999999999929e+00 1.200000000000000025e-02 1.717899999999999983e-01 1.799999999999999933e-01 2.600000000000000089e-01 4.800000000000000000e+01
5.000000000000000278e-02 3.400000000000000244e-01 3.549999999999999822e+00 8.800000000000000711e+00 4.771000000000000085e+01 3.157999999999999829e+01 4.889999999999999680e+00 5.129999999999999893e+00 1.099999999999999936e-02 1.940999999999999948e-01 2.000000000000000111e-01 2.700000000000000178e-01 5.000000000000000000e+01
2.000000000000000042e-02 3.300000000000000155e-01 2.209999999999999964e+00 7.929999999999999716e+00 4.914999999999999858e+01 5.546000000000000085e+01 7.389999999999999680e+00 3.649999999999999911e+00 2.299999999999999961e-02 1.106700000000000045e-01 1.400000000000000133e-01 2.300000000000000100e-01 6.600000000000000000e+01
2.999999999999999889e-02 2.300000000000000100e-01 5.940000000000000391e+00 3.720000000000000195e+00 4.059000000000000341e+01 4.803000000000000114e+01 8.960000000000000853e+00 2.970000000000000195e+00 2.199999999999999872e-02 1.988800000000000012e-01 2.099999999999999922e-01 2.700000000000000178e-01 4.800000000000000000e+01
1.000000000000000021e-02 3.800000000000000044e-01 8.679999999999999716e+00 6.099999999999999645e+00 6.440000000000000568e+01 5.536999999999999744e+01 1.000000000000000056e-01 4.269999999999999574e+00 1.799999999999999864e-02 9.754000000000000170e-02 1.199999999999999956e-01 2.300000000000000100e-01 4.900000000000000000e+01
4.000000000000000083e-02 4.699999999999999734e-01 2.359999999999999876e+00 8.539999999999999147e+00 8.157999999999999829e+01 4.549000000000000199e+01 2.419999999999999929e+00 3.529999999999999805e+00 1.700000000000000122e-02 1.131899999999999989e-01 1.300000000000000044e-01 2.600000000000000089e-01 5.300000000000000000e+01
5.000000000000000278e-02 2.200000000000000011e-01 6.309999999999999609e+00 9.800000000000000711e+00 1.560999999999999943e+01 4.047999999999999687e+01 7.929999999999999716e+00 4.610000000000000320e+00 1.400000000000000029e-02 2.778800000000000159e-01 2.800000000000000266e-01 2.999999999999999889e-01 7.300000000000000000e+01
2.999999999999999889e-02 2.600000000000000089e-01 4.929999999999999716e+00 4.120000000000000107e+00 4.889000000000000057e+01 6.171999999999999886e+01 5.240000000000000213e+00 3.290000000000000036e+00 1.299999999999999940e-02 6.072999999999999926e-02 8.000000000000000167e-02 1.700000000000000122e-01 5.000000000000000000e+01
2.000000000000000042e-02 4.199999999999999845e-01 1.080000000000000071e+00 9.300000000000000711e+00 4.924000000000000199e+01 4.324000000000000199e+01 2.080000000000000071e+00 4.450000000000000178e+00 1.700000000000000122e-02 2.539100000000000246e-01 2.700000000000000178e-01 3.800000000000000044e-01 5.200000000000000000e+01
1.000000000000000021e-02 7.000000000000000666e-02 2.189999999999999947e+00 6.629999999999999893e+00 5.814000000000000057e+01 4.364999999999999858e+01 3.240000000000000213e+00 3.509999999999999787e+00 1.499999999999999944e-02 2.551800000000000179e-01 2.700000000000000178e-01 3.499999999999999778e-01 5.000000000000000000e+01
1.000000000000000021e-02 4.299999999999999933e-01 7.830000000000000071e+00 2.689999999999999947e+00 1.258000000000000007e+01 4.220000000000000284e+01 1.530000000000000027e+00 4.269999999999999574e+00 1.499999999999999944e-02 1.069699999999999956e-01 1.100000000000000006e-01 1.400000000000000133e-01 4.500000000000000000e+01
1.000000000000000021e-02 3.499999999999999778e-01 5.849999999999999645e+00 9.919999999999999929e+00 6.324000000000000199e+01 3.657000000000000028e+01 4.610000000000000320e+00 2.790000000000000036e+00 1.099999999999999936e-02 2.111399999999999944e-01 2.200000000000000011e-01 3.099999999999999978e-01 4.300000000000000000e+01
1.000000000000000021e-02 2.899999999999999800e-01 4.690000000000000391e+00 9.140000000000000568e+00 1.464000000000000057e+01 5.343999999999999773e+01 5.750000000000000000e+00 6.019999999999999574e+00 1.899999999999999953e-02 1.387100000000000000e-01 1.499999999999999944e-01 1.799999999999999933e-01 4.700000000000000000e+01
4.000000000000000083e-02 8.000000000000000167e-02 8.779999999999999361e+00 3.850000000000000089e+00 4.246999999999999886e+01 5.064999999999999858e+01 7.280000000000000249e+00 2.649999999999999911e+00 2.100000000000000130e-02 1.922599999999999865e-01 2.099999999999999922e-01 2.700000000000000178e-01 6.500000000000000000e+01
2.000000000000000042e-02 3.599999999999999867e-01 1.429999999999999938e+00 5.440000000000000391e+00 7.321999999999999886e+01 4.425000000000000000e+01 7.009999999999999787e+00 2.759999999999999787e+00 1.299999999999999940e-02 8.050000000000000211e-02 1.000000000000000056e-01 2.300000000000000100e-01 4.700000000000000000e+01
4.000000000000000083e-02 2.600000000000000089e-01 8.720000000000000639e+00 5.019999999999999574e+00 7.054999999999999716e+01 4.046999999999999886e+01 7.280000000000000249e+00 4.969999999999999751e+00 2.100000000000000130e-02 1.003899999999999931e-01 1.199999999999999956e-01 2.399999999999999911e-01 5.900000000000000000e+01
5.000000000000000278e-02 3.200000000000000067e-01 7.290000000000000036e+00 6.870000000000000107e+00 1.039000000000000057e+01 6.131000000000000227e+01 4.650000000000000355e+00 6.750000000000000000e+00 1.400000000000000029e-02 2.814300000000000135e-01 2.800000000000000266e-01 2.999999999999999889e-01 7.800000000000000000e+01
2.999999999999999889e-02 2.999999999999999889e-01 1.159999999999999920e+00 8.890000000000000568e+00 5.742999999999999972e+01 3.875999999999999801e+01 7.700000000000000178e+00 4.540000000000000036e+00 1.899999999999999953e-02 7.384000000000000286e-02 1.000000000000000056e-01 2.300000000000000100e-01 5.600000000000000000e+01
2.999999999999999889e-02 4.299999999999999933e-01 3.759999999999999787e+00 2.890000000000000124e+00 7.759999999999999787e+00 6.102000000000000313e+01 5.830000000000000071e+00 6.769999999999999574e+00 1.499999999999999944e-02 1.473200000000000065e-01 1.499999999999999944e-01 1.700000000000000122e-01 5.200000000000000000e+01
5.000000000000000278e-02 4.299999999999999933e-01 6.009999999999999787e+00 2.390000000000000124e+00 2.503999999999999915e+01 6.570000000000000284e+01 9.339999999999999858e+00 4.750000000000000000e+00 1.600000000000000033e-02 2.829400000000000248e-01 2.899999999999999800e-01 3.300000000000000155e-01 6.600000000000000000e+01
1.000000000000000021e-02 1.799999999999999933e-01 9.289999999999999147e+00 9.619999999999999218e+00 5.338000000000000256e+01 7.956000000000000227e+01 1.239999999999999991e+00 2.990000000000000213e+00 1.200000000000000025e-02 2.319299999999999973e-01 2.399999999999999911e-01 3.200000000000000067e-01 4.500000000000000000e+01
4.000000000000000083e-02 1.600000000000000033e-01 6.190000000000000391e+00 6.940000000000000391e+00 7.700000000000000178e+00 4.063000000000000256e+01 2.209999999999999964e+00 6.070000000000000284e+00 1.499999999999999944e-02 2.868499999999999939e-01 2.800000000000000266e-01 2.999999999999999889e-01 5.600000000000000000e+01
2.999999999999999889e-02 3.599999999999999867e-01 6.440000000000000391e+00 8.570000000000000284e+00 2.125000000000000000e+01 5.184000000000000341e+01 3.270000000000000018e+00 5.940000000000000391e+00 1.400000000000000029e-02 1.541000000000000009e-02 2.999999999999999889e-02 8.999999999999999667e-02 5.600000000000000000e+01
5.000000000000000278e-02 1.100000000000000006e-01 4.589999999999999858e+00 4.580000000000000071e+00 2.862000000000000099e+01 7.490999999999999659e+01 4.799999999999999822e-01 3.310000000000000053e+00 1.499999999999999944e-02 2.199599999999999889e-01 2.300000000000000100e-01 2.700000000000000178e-01 6.400000000000000000e+01
4.000000000000000083e-02 2.000000000000000111e-01 7.379999999999999893e+00 8.070000000000000284e+00 8.064000000000000057e+01 3.777000000000000313e+01 2.060000000000000053e+00 5.759999999999999787e+00 1.400000000000000029e-02 1.682200000000000084e-01 1.799999999999999933e-01 2.899999999999999800e-01 4.900000000000000000e+01
2.000000000000000042e-02 2.000000000000000111e-01 4.809999999999999609e+00 8.869999999999999218e+00 5.235999999999999943e+01 4.202000000000000313e+01 6.450000000000000178e+00 3.799999999999999822e+00 2.000000000000000042e-02 1.369100000000000039e-01 1.499999999999999944e-01 2.399999999999999911e-01 5.600000000000000000e+01
4.000000000000000083e-02 3.599999999999999867e-01 5.549999999999999822e+00 9.900000000000000355e+00 8.660000000000000142e+00 5.310999999999999943e+01 6.870000000000000107e+00 4.309999999999999609e+00 1.400000000000000029e-02 4.648999999999999660e-02 5.000000000000000278e-02 8.000000000000000167e-02 5.000000000000000000e+01
2.999999999999999889e-02 4.500000000000000111e-01 6.129999999999999893e+00 3.819999999999999840e+00 2.633999999999999986e+01 3.300999999999999801e+01 2.750000000000000000e+00 6.490000000000000213e+00 1.899999999999999953e-02 7.215000000000000580e-02 8.999999999999999667e-02 1.400000000000000133e-01 4.900000000000000000e+01
5.000000000000000278e-02 8.000000000000000167e-02 7.919999999999999929e+00 5.179999999999999716e+00 7.039000000000000057e+01 5.239999999999999858e+01 1.129999999999999893e+00 6.879999999999999893e+00 1.700000000000000122e-02 2.193499999999999894e-01 2.300000000000000100e-01 3.300000000000000155e-01 5.500000000000000000e+01
1.000000000000000021e-02 3.699999999999999956e-01 6.059999999999999609e+00 4.940000000000000391e+00 6.334000000000000341e+01 3.817000000000000171e+01 4.740000000000000213e+00 5.330000000000000071e+00 1.600000000000000033e-02 1.613300000000000012e-01 1.799999999999999933e-01 2.700000000000000178e-01 4.600000000000000000e+01
2.000000000000000042e-02 1.600000000000000033e-01 9.529999999999999361e+00 2.410000000000000142e+00 4.617000000000000171e+01 4.085000000000000142e+01 5.969999999999999751e+00 2.549999999999999822e+00 1.799999999999999864e-02 4.291999999999999982e-02 5.999999999999999778e-02 1.600000000000000033e-01 5.500000000000000000e+01
4.000000000000000083e-02 4.799999999999999822e-01 9.929999999999999716e+00 2.310000000000000053e+00 3.634000000000000341e+01 7.010999999999999943e+01 5.669999999999999929e+00 4.230000000000000426e+00 2.400000000000000050e-02 2.071099999999999886e-01 2.200000000000000011e-01 2.800000000000000266e-01 7.300000000000000000e+01
2.000000000000000042e-02 1.600000000000000033e-01 3.300000000000000155e-01 8.029999999999999361e+00 5.049999999999999822e+00 2.680999999999999872e+01 7.639999999999999680e+00 6.120000000000000107e+00 2.299999999999999961e-02 1.584599999999999898e-01 1.799999999999999933e-01 3.099999999999999978e-01 5.600000000000000000e+01
2.999999999999999889e-02 2.000000000000000042e-02 1.110000000000000098e+00 4.509999999999999787e+00 6.529999999999999716e+01 7.690999999999999659e+01 9.259999999999999787e+00 5.589999999999999858e+00 2.000000000000000042e-02 1.409600000000000020e-01 1.600000000000000033e-01 2.899999999999999800e-01 5.700000000000000000e+01
5.000000000000000278e-02 2.899999999999999800e-01 9.740000000000000213e+00 9.089999999999999858e+00 6.102000000000000313e+01 4.999000000000000199e+01 7.929999999999999716e+00 4.639999999999999680e+00 2.100000000000000130e-02 1.705299999999999871e-01 1.900000000000000022e-01 2.800000000000000266e-01 6.200000000000000000e+01
2.000000000000000042e-02 2.899999999999999800e-01 1.270000000000000018e+00 8.390000000000000568e+00 4.414000000000000057e+01 7.526000000000000512e+01 9.330000000000000071e+00 3.939999999999999947e+00 1.200000000000000025e-02 6.142000000000000237e-02 8.000000000000000167e-02 2.000000000000000111e-01 4.800000000000000000e+01
2.000000000000000042e-02 4.699999999999999734e-01 1.370000000000000107e+00 6.179999999999999716e+00 8.325000000000000000e+01 4.786999999999999744e+01 1.060000000000000053e+00 3.589999999999999858e+00 2.400000000000000050e-02 1.598799999999999943e-01 1.900000000000000022e-01 3.200000000000000067e-01 5.600000000000000000e+01
1.000000000000000021e-02 1.799999999999999933e-01 5.000000000000000000e+00 8.960000000000000853e+00 2.192000000000000171e+01 3.818999999999999773e+01 1.550000000000000044e+00 2.350000000000000089e+00 1.600000000000000033e-02 4.644000000000000211e-02 5.999999999999999778e-02 1.100000000000000006e-01 4.400000000000000000e+01
4.000000000000000083e-02 1.100000000000000006e-01 8.240000000000000213e+00 6.530000000000000249e+00 2.542000000000000171e+01 7.217000000000000171e+01 3.629999999999999893e+00 6.669999999999999929e+00 1.200000000000000025e-02 1.023799999999999988e-01 1.100000000000000006e-01 1.600000000000000033e-01 5.600000000000000000e+01
5.000000000000000278e-02 4.199999999999999845e-01 9.250000000000000000e+00 6.769999999999999574e+00 7.898000000000000398e+01 4.257000000000000028e+01 9.320000000000000284e+00 3.089999999999999858e+00 1.400000000000000029e-02 2.423399999999999999e-01 2.500000000000000000e-01 3.499999999999999778e-01 5.100000000000000000e+01
1.000000000000000021e-02 7.000000000000000666e-02 1.560000000000000053e+00 5.459999999999999964e+00 1.334999999999999964e+01 7.426999999999999602e+01 8.999999999999999667e-02 2.850000000000000089e+00 1.499999999999999944e-02 1.438300000000000134e-01 1.600000000000000033e-01 2.399999999999999911e-01 5.800000000000000000e+01
2.000000000000000042e-02 4.000000000000000222e-01 3.569999999999999840e+00 8.349999999999999645e+00 7.640999999999999659e+01 6.188000000000000256e+01 2.160000000000000142e+00 3.919999999999999929e+00 1.499999999999999944e-02 6.904000000000000414e-02 8.999999999999999667e-02 2.200000000000000011e-01 4.800000000000000000e+01
5.000000000000000278e-02 2.200000000000000011e-01 4.730000000000000426e+00 2.290000000000000036e+00 4.453999999999999915e+01 3.942000000000000171e+01 9.869999999999999218e+00 3.529999999999999805e+00 1.700000000000000122e-02 2.829400000000000248e-01 2.899999999999999800e-01 3.499999999999999778e-01 6.000000000000000000e+01
1.000000000000000021e-02 3.900000000000000133e-01 4.679999999999999716e+00 2.919999999999999929e+00 1.135999999999999943e+01 7.070999999999999375e+01 2.069999999999999840e+00 4.339999999999999858e+00 2.299999999999999961e-02 2.105899999999999994e-01 2.200000000000000011e-01 2.399999999999999911e-01 5.100000000000000000e+01
4.000000000000000083e-02 4.000000000000000083e-02 3.089999999999999858e+00 7.700000000000000178e+00 8.306999999999999318e+01 7.148999999999999488e+01 2.700000000000000178e+00 2.399999999999999911e+00 1.299999999999999940e-02 2.964600000000000013e-01 3.099999999999999978e-01 4.000000000000000222e-01 4.900000000000000000e+01
2.999999999999999889e-02 1.199999999999999956e-01 5.769999999999999574e+00 5.570000000000000284e+00 2.064000000000000057e+01 3.035999999999999943e+01 4.799999999999999822e-01 2.830000000000000071e+00 2.000000000000000042e-02 2.499699999999999978e-01 2.600000000000000089e-01 2.899999999999999800e-01 5.000000000000000000e+01
2.000000000000000042e-02 3.099999999999999978e-01 5.580000000000000071e+00 8.830000000000000071e+00 4.413000000000000256e+01 7.031999999999999318e+01 9.210000000000000853e+00 5.150000000000000355e+00 1.799999999999999864e-02 4.623000000000000026e-02 5.999999999999999778e-02 1.499999999999999944e-01 5.500000000000000000e+01
2.999999999999999889e-02 1.900000000000000022e-01 1.100000000000000089e+00 3.319999999999999840e+00 4.681000000000000227e+01 5.440999999999999659e+01 1.770000000000000018e+00 2.189999999999999947e+00 1.299999999999999940e-02 1.564099999999999935e-01 1.700000000000000122e-01 2.800000000000000266e-01 5.000000000000000000e+01
2.999999999999999889e-02 3.400000000000000244e-01 5.280000000000000249e+00 4.290000000000000036e+00 2.264000000000000057e+01 3.107000000000000028e+01 2.850000000000000089e+00 6.250000000000000000e+00 2.199999999999999872e-02 2.761000000000000121e-01 2.800000000000000266e-01 3.200000000000000067e-01 5.100000000000000000e+01
2.000000000000000042e-02 2.600000000000000089e-01 5.490000000000000213e+00 4.500000000000000000e+00 5.603999999999999915e+01 6.981000000000000227e+01 4.980000000000000426e+00 4.190000000000000391e+00 2.299999999999999961e-02 1.752400000000000069e-01 1.900000000000000022e-01 2.800000000000000266e-01 4.600000000000000000e+01
2.000000000000000042e-02 1.499999999999999944e-01 7.250000000000000000e+00 3.890000000000000124e+00 7.739000000000000057e+01 5.765999999999999659e+01 4.959999999999999964e+00 4.209999999999999964e+00 1.499999999999999944e-02 1.113699999999999968e-01 1.300000000000000044e-01 2.500000000000000000e-01 4.800000000000000000e+01
2.999999999999999889e-02 3.300000000000000155e-01 3.600000000000000089e+00 5.360000000000000320e+00 2.192999999999999972e+01 6.504999999999999716e+01 7.400000000000000355e+00 2.370000000000000107e+00 1.700000000000000122e-02 9.521000000000000296e-02 1.100000000000000006e-01 1.499999999999999944e-01 4.900000000000000000e+01
2.999999999999999889e-02 2.000000000000000111e-01 5.580000000000000071e+00 5.690000000000000391e+00 5.500000000000000000e+01 4.049000000000000199e+01 6.199999999999999956e-01 6.780000000000000249e+00 2.199999999999999872e-02 2.133099999999999996e-01 2.300000000000000100e-01 3.099999999999999978e-01 6.100000000000000000e+01
1.000000000000000021e-02 4.899999999999999911e-01 5.699999999999999512e-01 5.459999999999999964e+00 7.709999999999999432e+01 6.698000000000000398e+01 2.250000000000000000e+00 3.910000000000000142e+00 1.499999999999999944e-02 1.869000000000000106e-01 2.000000000000000111e-01 3.400000000000000244e-01 4.500000000000000000e+01
1.000000000000000021e-02 3.099999999999999978e-01 9.100000000000000311e-01 2.299999999999999822e+00 5.252000000000000313e+01 6.820000000000000284e+01 4.709999999999999964e+00 4.349999999999999645e+00 2.100000000000000130e-02 1.886400000000000021e-01 2.099999999999999922e-01 3.300000000000000155e-01 4.400000000000000000e+01
1.000000000000000021e-02 5.999999999999999778e-02 4.500000000000000000e+00 6.190000000000000391e+00 1.767999999999999972e+01 2.617000000000000171e+01 7.389999999999999680e+00 5.459999999999999964e+00 1.299999999999999940e-02 1.863499999999999879e-01 1.900000000000000022e-01 2.200000000000000011e-01 4.500000000000000000e+01
5.000000000000000278e-02 5.999999999999999778e-02 9.720000000000000639e+00 7.790000000000000036e+00 4.646999999999999886e+01 4.321999999999999886e+01 5.589999999999999858e+00 4.990000000000000213e+00 1.299999999999999940e-02 2.401000000000000009e-02 4.000000000000000083e-02 1.400000000000000133e-01 5.200000000000000000e+01
2.000000000000000042e-02 2.200000000000000011e-01 7.940000000000000391e+00 7.690000000000000391e+00 7.640000000000000568e+01 3.870000000000000284e+01 5.700000000000000178e+00 2.140000000000000124e+00 2.100000000000000130e-02 2.753900000000000237e-01 2.899999999999999800e-01 3.900000000000000133e-01 5.400000000000000000e+01
4.000000000000000083e-02 5.000000000000000278e-02 5.320000000000000284e+00 7.959999999999999964e+00 7.412000000000000455e+01 2.680000000000000071e+01 8.009999999999999787e+00 2.509999999999999787e+00 1.200000000000000025e-02 2.775099999999999789e-01 2.899999999999999800e-01 3.800000000000000044e-01 4.800000000000000000e+01
1.000000000000000021e-02 4.799999999999999822e-01 2.450000000000000178e+00 7.969999999999999751e+00 3.939000000000000057e+01 4.592999999999999972e+01 1.590000000000000080e+00 6.620000000000000107e+00 2.100000000000000130e-02 1.787199999999999900e-01 2.000000000000000111e-01 2.700000000000000178e-01 6.900000000000000000e+01
2.000000000000000042e-02 3.800000000000000044e-01 1.790000000000000036e+00 7.059999999999999609e+00 1.712000000000000099e+01 5.357999999999999829e+01 4.139999999999999680e+00 6.200000000000000178e+00 1.499999999999999944e-02 1.713600000000000123e-01 1.799999999999999933e-01 2.600000000000000089e-01 6.300000000000000000e+01
2.999999999999999889e-02 1.400000000000000133e-01 4.820000000000000284e+00 6.490000000000000213e+00 3.885999999999999943e+01 7.979999999999999716e+01 5.999999999999999778e-01 4.400000000000000355e+00 2.100000000000000130e-02 2.436699999999999977e-01 2.500000000000000000e-01 3.099999999999999978e-01 4.800000000000000000e+01
4.000000000000000083e-02 4.000000000000000222e-01 2.919999999999999929e+00 8.179999999999999716e+00 4.353000000000000114e+01 5.753000000000000114e+01 3.080000000000000071e+00 4.969999999999999751e+00 2.199999999999999872e-02 4.887999999999999984e-02 8.000000000000000167e-02 1.600000000000000033e-01 6.400000000000000000e+01
2.999999999999999889e-02 3.099999999999999978e-01 3.600000000000000089e+00 7.440000000000000391e+00 8.037000000000000455e+01 7.382999999999999829e+01 5.940000000000000391e+00 6.330000000000000071e+00 1.799999999999999864e-02 1.556700000000000028e-01 1.700000000000000122e-01 2.899999999999999800e-01 5.300000000000000000e+01
2.999999999999999889e-02 3.599999999999999867e-01 5.490000000000000213e+00 9.830000000000000071e+00 5.960999999999999943e+01 7.796999999999999886e+01 9.289999999999999147e+00 3.209999999999999964e+00 1.200000000000000025e-02 1.988900000000000112e-01 2.099999999999999922e-01 2.899999999999999800e-01 4.800000000000000000e+01
2.000000000000000042e-02 1.199999999999999956e-01 4.070000000000000284e+00 9.310000000000000497e+00 1.133000000000000007e+01 6.242000000000000171e+01 7.580000000000000071e+00 2.879999999999999893e+00 1.700000000000000122e-02 2.613500000000000267e-01 2.600000000000000089e-01 2.899999999999999800e-01 5.000000000000000000e+01
4.000000000000000083e-02 4.500000000000000111e-01 9.039999999999999147e+00 6.120000000000000107e+00 5.642999999999999972e+01 7.828000000000000114e+01 1.659999999999999920e+00 2.049999999999999822e+00 2.100000000000000130e-02 1.686999999999999958e-02 5.000000000000000278e-02 1.600000000000000033e-01 5.900000000000000000e+01
